20 16 7 10 22 0 0 20 34 39 13 34 12 25 37 28 29 32 26 19 10 
40 35 3 20 30 30 20 18 39 9 19 2 25 18 12 0 10 4 20 5 4 25 39 16 2 28 4 31 21 31 3 23 18 38 3 0 29 24 19 20 25 
60 38 22 3 8 27 35 19 31 15 24 35 33 23 4 35 12 8 19 25 31 14 8 1 12 12 2 33 28 21 13 13 11 36 16 19 23 11 38 14 19 22 2 4 38 6 31 2 6 2 27 30 16 27 31 21 31 33 14 11 6 
80 28 25 9 16 33 29 31 37 19 5 8 34 39 4 32 5 35 34 12 38 13 2 6 32 25 27 24 11 34 27 17 14 4 19 30 38 8 21 27 19 18 27 13 18 31 5 15 26 31 19 16 36 13 15 21 39 34 37 2 28 24 11 2 29 30 24 19 38 5 6 18 16 25 31 26 16 29 1 34 12 
100 21 3 1 34 18 22 25 12 19 27 33 3 39 27 24 29 12 3 20 9 1 38 17 26 21 3 2 2 5 29 7 18 32 0 4 2 22 30 14 33 9 39 28 8 27 13 30 39 16 10 0 18 0 18 36 13 21 31 8 18 20 7 28 4 7 33 6 29 15 12 14 16 12 2 25 39 15 7 30 32 17 22 2 9 0 38 22 14 21 22 24 1 29 13 37 36 38 3 17 5 
120 16 31 21 20 34 38 11 1 5 1 25 14 15 27 23 16 18 38 22 39 20 6 33 2 11 30 38 1 34 16 6 2 39 28 22 25 26 25 27 24 26 12 38 1 32 14 9 10 4 23 1 16 22 34 18 33 17 17 35 3 25 1 5 16 21 19 34 0 36 21 16 22 25 6 15 9 20 17 19 16 0 13 33 22 39 11 8 16 20 35 19 37 28 16 6 10 27 0 2 23 21 18 37 38 24 5 8 37 22 19 13 14 24 38 29 24 10 37 0 22 
140 24 12 12 12 28 18 14 8 18 16 31 31 34 21 21 11 26 29 8 0 1 13 14 25 12 35 9 14 24 2 36 8 14 8 21 34 18 35 2 36 4 26 27 38 7 9 9 33 30 9 25 31 23 39 9 35 27 10 9 11 12 37 20 26 38 33 13 16 28 15 13 32 1 32 23 0 33 24 25 24 34 10 7 9 10 8 4 29 19 5 0 31 2 20 10 0 5 23 17 34 38 22 18 32 14 33 32 8 10 18 24 4 20 23 5 22 32 9 11 11 14 12 34 8 24 4 9 30 27 18 16 18 0 26 2 6 20 26 6 30 
160 36 30 26 17 6 31 39 38 32 11 9 38 23 3 6 39 0 7 29 19 25 5 29 17 24 31 24 4 18 30 26 6 13 4 23 19 35 15 9 19 26 18 17 1 13 15 0 5 23 22 25 8 19 14 18 3 6 2 39 16 24 25 22 29 29 38 8 16 13 17 27 39 27 4 32 33 20 24 38 3 6 23 3 18 30 21 21 36 15 21 4 0 38 26 21 28 16 22 36 29 39 24 20 19 20 12 4 32 29 2 27 27 18 23 5 8 4 27 36 12 8 0 4 38 18 25 18 35 7 15 24 39 31 5 18 3 9 14 36 38 16 15 26 26 38 31 34 35 10 30 7 10 22 11 9 1 28 27 28 36 
180 34 12 35 17 9 5 21 11 19 9 9 27 24 27 14 23 11 0 10 13 23 17 24 5 20 33 38 8 12 26 36 7 31 31 16 0 28 37 11 39 6 13 27 23 32 33 38 35 33 8 9 16 17 33 14 29 18 12 37 22 31 34 29 22 17 6 14 38 35 18 37 34 23 24 9 7 9 7 3 3 7 12 11 24 37 17 13 7 22 2 29 13 28 11 27 38 9 1 36 4 11 33 30 34 10 39 2 19 38 5 14 5 9 18 21 38 35 26 5 17 29 34 22 9 37 9 7 6 3 3 3 14 29 33 1 39 25 3 10 23 0 25 21 1 3 2 39 38 29 4 8 10 30 22 11 28 24 11 34 27 6 29 33 35 23 34 26 0 29 37 15 21 22 36 22 25 39 21 15 20 
200 17 15 22 8 38 25 36 22 36 22 1 3 12 26 30 27 13 17 19 34 14 34 16 28 31 30 5 22 4 20 34 21 28 8 21 26 33 9 0 30 32 33 25 36 19 15 15 32 32 34 27 38 28 35 26 11 25 23 33 29 4 19 3 24 27 24 2 21 34 2 3 18 27 28 6 6 3 21 31 28 15 18 18 35 13 5 7 30 28 32 20 24 12 23 0 39 39 2 12 33 36 15 3 23 3 9 22 39 30 13 27 37 31 5 25 36 2 24 26 23 16 38 39 20 13 0 12 13 34 24 38 31 0 2 6 3 3 28 34 26 1 21 15 24 19 0 12 13 24 31 28 33 29 28 13 35 20 17 0 6 2 38 29 2 32 36 37 28 16 32 14 18 5 29 34 16 22 7 22 6 30 10 31 19 30 37 6 10 14 6 9 16 37 38 10 29 26 8 17 3 
220 32 23 13 29 13 7 38 35 6 20 33 36 30 17 8 21 14 6 23 28 13 32 37 10 31 7 31 17 7 1 12 31 24 25 21 29 25 19 16 23 31 10 12 21 19 12 2 33 18 26 13 23 10 10 33 33 10 17 11 17 18 15 9 34 1 22 24 26 33 0 1 24 2 13 5 21 25 0 6 36 18 20 19 28 22 5 22 32 22 25 2 32 0 11 26 33 25 2 11 10 35 13 34 29 26 31 3 4 23 9 0 1 21 19 22 4 24 36 28 38 13 30 22 13 33 1 39 10 3 10 20 30 23 6 20 2 38 15 38 13 16 30 7 30 9 29 26 26 17 14 16 30 5 39 35 30 0 34 1 35 37 21 26 12 28 38 6 18 13 4 31 21 34 30 11 36 19 37 22 28 12 30 18 9 29 6 31 29 0 32 25 37 14 3 10 34 1 16 4 6 13 27 19 7 18 31 35 29 20 9 18 24 0 36 33 29 34 17 11 35 
240 9 28 24 15 23 26 1 16 35 5 22 8 33 1 7 3 24 35 32 5 4 10 29 4 39 15 26 33 32 29 20 33 9 5 9 32 23 10 8 18 16 22 18 1 15 18 4 0 13 36 37 17 39 18 14 38 25 32 23 17 21 4 3 30 1 12 14 16 14 22 27 22 36 37 23 11 15 19 3 20 16 0 30 7 19 4 37 4 36 20 14 9 16 17 31 9 21 5 26 35 19 13 18 15 10 33 26 18 13 30 38 21 22 28 28 1 24 25 38 12 37 4 21 14 13 4 23 34 9 1 21 28 14 39 35 17 25 22 35 38 4 33 19 26 14 39 20 30 16 18 3 13 14 16 19 27 21 35 21 22 36 2 11 3 34 38 20 19 20 15 9 16 0 28 3 6 19 23 37 27 33 32 32 39 0 12 26 21 39 39 36 27 1 39 30 27 37 2 38 10 17 7 26 10 35 29 16 6 4 5 33 29 37 26 28 38 30 14 11 29 13 39 8 7 38 39 26 36 1 25 6 11 32 32 21 20 14 29 18 18 
260 35 12 0 24 30 28 22 12 35 26 33 0 25 1 39 24 32 26 12 34 3 10 37 35 2 10 7 8 39 26 19 34 30 19 11 20 7 33 32 34 11 25 35 29 18 34 5 11 12 17 37 15 27 34 3 21 4 10 30 3 36 9 30 26 20 1 38 27 26 30 14 30 7 9 19 18 35 24 29 8 1 26 15 20 20 18 33 16 29 15 11 17 16 33 4 36 26 2 16 13 25 30 3 24 31 14 2 26 38 23 26 31 9 2 3 21 12 36 29 33 12 1 11 28 34 7 17 21 1 33 26 18 15 21 3 6 35 37 32 25 21 11 16 22 5 19 36 17 15 17 3 19 10 14 0 5 13 17 18 14 2 36 33 17 9 28 23 4 17 7 21 30 18 37 5 23 8 1 33 15 10 36 35 21 10 27 18 15 4 28 29 38 24 14 15 25 2 38 21 20 37 2 10 16 39 15 31 39 8 24 14 11 20 1 32 22 28 10 37 24 38 19 22 14 33 37 39 28 27 20 0 25 14 2 33 13 18 24 4 18 1 18 29 13 20 21 36 0 23 25 25 13 36 7 19 30 37 10 10 16 
280 22 10 33 36 12 18 1 22 35 5 33 36 24 22 9 36 36 37 36 11 15 13 25 11 13 36 33 2 7 3 18 29 5 4 26 10 22 27 32 17 25 25 5 1 0 15 37 36 4 25 7 19 39 24 23 12 21 16 14 20 12 24 9 17 28 27 27 3 7 12 20 24 29 18 25 29 33 22 17 29 39 17 9 38 33 32 2 14 0 8 26 12 25 28 22 13 15 1 8 14 13 21 38 35 39 23 16 24 37 34 13 37 11 14 27 4 38 22 11 39 22 29 3 7 17 25 13 33 27 21 39 32 2 30 27 33 13 4 17 3 30 31 32 33 5 11 29 4 25 32 35 8 22 38 15 39 24 20 24 3 34 24 35 28 6 15 22 11 11 39 14 33 30 38 26 28 10 7 24 35 0 19 35 22 9 3 21 33 23 38 36 9 14 24 38 20 31 20 31 2 19 38 27 2 36 13 22 38 20 6 26 20 17 21 34 26 24 8 12 0 6 8 9 20 24 39 32 15 19 23 9 31 21 36 33 10 1 15 8 14 13 34 34 30 16 21 16 32 29 28 24 27 29 26 7 5 25 39 13 5 14 14 36 36 11 21 6 4 28 6 18 33 1 5 23 9 26 31 1 7 
300 12 18 34 33 4 1 38 29 32 11 34 6 26 22 34 29 35 32 25 15 39 4 8 0 1 31 9 27 15 2 34 27 20 28 20 24 21 18 6 5 22 32 11 0 15 38 21 2 30 38 18 21 2 26 21 3 10 22 22 25 17 16 4 29 36 24 14 17 34 12 22 8 4 26 0 11 16 21 14 6 12 24 28 14 2 1 10 12 16 32 29 33 1 25 22 29 9 28 39 36 0 13 36 5 39 37 8 15 10 22 14 22 38 34 29 1 35 39 5 3 23 27 36 24 12 11 6 22 31 5 10 32 18 6 29 18 3 37 25 6 12 31 28 10 25 17 3 13 8 9 16 32 36 5 8 8 16 14 22 7 19 32 31 38 31 20 8 34 10 25 0 14 17 21 24 2 38 28 7 7 29 24 31 25 29 39 25 37 14 8 4 25 32 28 15 23 0 23 10 10 9 2 24 18 23 1 20 14 21 28 21 10 4 4 27 33 3 12 22 9 20 26 35 13 6 10 36 7 26 6 17 27 9 34 5 24 27 17 38 8 5 11 18 1 15 5 26 11 9 8 20 30 27 7 35 33 10 31 0 36 30 10 23 31 4 20 7 31 37 6 31 35 9 1 36 25 38 23 36 7 31 8 37 18 16 32 12 18 16 4 14 38 14 29 21 18 1 20 1 38 
320 26 32 33 28 25 22 13 23 5 1 31 28 9 20 39 17 5 3 35 13 7 1 11 22 22 24 32 23 4 26 14 23 10 39 11 36 21 16 19 18 17 10 7 18 31 6 28 36 9 23 1 8 17 12 30 31 28 15 7 24 1 21 39 11 20 2 7 2 18 27 20 27 29 19 38 20 25 26 8 26 1 9 35 10 13 17 2 33 32 9 10 33 30 9 5 2 4 12 4 22 31 17 2 21 36 0 33 14 18 34 32 19 35 27 30 1 37 24 26 29 33 36 15 15 38 12 17 2 24 14 16 8 31 18 21 19 10 14 33 28 0 26 8 36 5 30 37 34 6 15 16 39 12 31 6 10 3 15 12 19 29 28 27 12 39 8 32 9 15 17 38 15 35 38 3 33 20 32 27 26 8 3 17 20 26 23 22 29 38 26 1 20 14 20 24 5 21 16 15 36 26 13 3 13 3 7 6 23 39 26 9 39 29 18 19 8 1 33 37 31 19 30 3 26 11 28 31 32 36 6 28 22 11 23 36 14 30 34 29 22 20 30 21 2 8 33 10 9 26 39 33 6 30 36 32 33 16 23 25 13 22 5 27 33 28 23 0 19 10 29 33 30 20 14 24 28 7 34 30 26 26 23 24 8 11 16 1 28 31 26 1 13 31 28 39 19 4 39 30 14 28 23 36 8 38 21 29 37 7 19 15 33 2 39 1 5 7 2 33 39 
340 20 26 4 11 15 3 31 11 2 13 17 31 37 13 31 27 26 20 24 34 39 32 19 33 31 21 39 39 15 24 30 36 11 34 7 26 38 30 29 32 4 6 23 33 11 7 20 30 27 36 24 19 28 3 12 20 16 3 11 24 28 1 20 39 27 19 17 25 2 6 18 6 4 33 39 7 0 11 37 20 7 13 39 36 9 11 8 17 15 11 1 35 12 21 34 31 33 11 17 35 9 27 33 5 12 24 12 5 35 2 25 2 15 24 30 24 27 38 2 34 9 35 29 13 17 23 5 10 26 14 37 27 33 30 32 5 14 37 10 9 39 35 11 14 11 2 31 39 32 25 33 2 20 23 7 29 38 12 31 17 26 28 4 19 18 29 17 24 26 27 33 25 15 37 31 26 31 14 17 15 39 3 17 12 26 17 1 16 29 25 25 8 13 30 19 24 19 28 8 37 8 34 22 23 31 5 1 14 20 11 29 11 14 39 23 32 16 17 8 37 2 34 37 7 16 9 31 27 37 0 24 5 26 38 20 17 3 14 23 15 25 12 27 39 11 2 23 19 19 23 9 21 9 6 29 25 7 12 4 5 4 28 2 30 18 23 39 14 29 22 29 6 27 16 5 30 19 20 2 30 3 11 12 13 9 33 30 17 37 35 22 2 15 16 32 34 31 24 8 20 6 37 26 25 6 23 16 17 3 18 7 7 21 11 12 30 36 2 7 34 37 29 28 13 38 20 39 29 36 7 10 35 36 36 20 34 12 28 3 15 
360 38 11 14 19 14 26 10 3 29 17 37 18 39 25 31 37 37 22 26 34 29 28 29 18 17 1 12 29 30 16 36 28 19 3 8 25 29 10 28 10 27 25 21 26 2 4 15 32 27 2 26 16 30 7 26 7 0 31 28 30 39 25 11 18 28 11 3 9 21 24 12 8 9 33 27 4 37 2 36 16 36 14 25 19 13 11 18 13 2 7 36 1 32 7 11 12 10 7 21 31 31 25 31 32 18 10 36 8 5 24 24 1 38 1 20 3 13 31 17 7 38 13 1 22 12 12 34 22 11 7 5 2 33 36 35 3 7 23 3 12 0 20 5 38 21 18 2 34 9 11 34 7 24 35 29 28 7 15 10 19 22 15 13 15 3 0 11 2 16 14 6 16 34 12 6 8 30 8 34 31 11 28 38 27 23 19 15 23 34 17 34 8 24 7 16 28 0 27 22 16 33 29 32 28 1 38 36 23 39 30 14 10 11 4 30 34 15 5 17 1 15 3 9 39 11 25 19 3 12 2 19 6 31 3 26 24 1 14 39 32 36 5 35 7 1 25 34 16 22 3 17 37 7 26 37 10 4 16 13 8 10 24 6 33 27 32 9 28 38 8 13 27 13 8 26 6 25 20 22 7 24 39 5 23 18 2 33 14 10 6 22 13 30 29 6 17 13 16 37 4 16 2 31 22 10 17 28 35 38 11 3 14 2 0 37 12 34 30 26 4 28 1 17 10 30 16 19 35 24 8 39 0 11 30 22 13 8 3 1 38 14 4 12 8 36 1 13 30 31 39 34 11 32 4 21 22 12 0 18 36 
380 0 17 36 11 0 11 25 8 14 26 38 20 22 10 28 18 3 33 8 34 33 34 37 25 30 18 0 2 10 10 38 10 19 27 14 19 30 39 19 4 17 17 24 39 19 4 9 22 38 9 8 23 35 5 0 18 15 32 20 17 2 11 20 22 30 34 1 20 25 21 16 2 30 32 33 10 36 2 32 26 3 1 1 38 38 34 16 14 26 29 23 21 32 3 35 22 29 28 34 14 1 10 8 32 2 1 2 30 35 26 9 30 19 2 29 18 36 37 24 15 18 7 28 10 3 23 24 32 11 18 39 5 20 7 37 14 9 39 5 36 17 6 27 37 8 8 15 37 37 31 12 16 38 32 18 33 15 3 26 18 13 25 23 26 32 20 0 33 11 5 22 21 11 9 18 12 17 25 9 14 16 13 22 14 5 1 8 12 36 26 30 9 3 6 27 35 18 28 21 22 25 3 3 29 4 13 1 21 38 10 27 14 15 10 28 20 11 28 24 39 14 6 0 17 12 28 5 23 16 18 5 1 13 0 30 17 13 31 30 11 33 17 25 0 19 5 20 22 34 36 21 0 3 22 10 15 10 7 30 18 25 27 19 30 27 2 7 32 25 29 3 19 38 20 19 18 26 32 32 12 28 6 12 23 28 14 39 30 21 21 0 6 9 11 28 36 13 35 29 39 24 24 10 15 5 21 33 23 13 17 35 34 23 7 17 3 22 8 33 35 30 25 2 31 37 22 19 10 18 8 1 34 25 11 9 22 33 34 5 38 12 0 24 35 39 2 39 13 2 24 9 24 2 3 15 39 25 35 1 35 35 3 30 12 14 31 34 39 18 39 30 30 39 14 17 31 8 16 4 11 
400 33 13 35 35 16 3 26 34 38 27 29 25 30 11 38 37 3 32 36 21 24 26 3 15 33 20 6 1 29 11 12 22 16 0 9 25 35 35 19 25 22 8 10 5 12 0 2 15 33 30 28 9 9 31 24 2 11 31 35 0 34 8 14 2 0 15 27 35 2 38 20 25 39 22 22 11 23 24 26 8 6 6 17 7 37 33 9 0 24 5 33 10 5 39 13 37 15 32 32 17 31 4 34 30 18 16 33 1 32 11 1 31 17 10 38 6 4 0 6 20 37 39 31 34 31 36 31 6 28 15 15 11 19 2 33 29 10 26 31 3 37 24 34 6 35 24 12 39 24 11 19 13 2 2 7 33 38 38 31 19 13 39 30 24 1 24 14 11 10 37 6 0 21 32 6 16 17 11 7 33 22 27 7 24 21 14 10 20 13 1 39 18 0 29 3 33 5 9 5 8 6 3 0 19 36 6 36 5 9 3 38 23 22 5 8 36 12 18 16 17 11 7 35 12 28 30 5 34 31 2 34 37 6 34 17 2 32 5 7 2 0 37 25 15 35 25 11 7 35 19 16 7 26 11 11 6 34 8 0 25 11 26 15 9 20 24 3 13 21 2 7 13 39 24 28 34 10 39 33 5 10 9 4 36 13 15 3 7 16 35 24 27 14 31 28 34 7 31 39 28 33 6 2 24 31 22 19 1 14 4 38 24 14 35 13 19 2 8 18 18 35 34 37 9 26 25 4 25 8 3 14 1 2 8 26 33 30 37 26 36 33 24 21 39 11 34 18 14 34 36 32 29 31 30 39 9 15 35 34 24 30 0 17 32 8 35 25 31 24 11 19 18 28 0 9 39 26 28 13 20 24 6 2 7 28 1 16 35 28 11 11 18 3 29 11 4 16 28 27 33 
-1