20 12 25 20 23 14 37 26 8 0 35 3 9 8 4 5 27 25 26 33 16 
30 36 19 36 35 38 25 12 30 31 38 3 3 15 16 18 21 13 36 29 5 32 24 14 32 28 11 19 5 29 5 
40 21 25 16 10 13 14 35 17 4 18 7 0 13 14 16 23 35 21 20 16 26 12 0 33 36 20 36 8 25 26 13 39 3 29 9 8 4 36 17 0 
50 6 24 0 19 38 16 2 33 37 14 9 24 26 1 17 23 21 13 31 39 31 36 38 27 25 39 35 21 27 13 22 33 29 14 4 20 31 38 13 20 13 15 4 31 8 13 6 30 19 37 
60 29 2 33 19 29 11 18 17 32 37 22 6 22 11 21 18 31 4 16 37 24 21 4 21 13 4 26 11 34 37 9 15 0 34 34 21 37 4 30 22 33 12 28 15 16 1 33 39 37 2 28 22 23 24 35 28 29 13 0 23 
70 11 1 39 3 27 25 24 25 22 15 39 15 27 19 31 35 21 16 35 10 18 23 32 34 8 19 14 37 33 6 12 36 39 3 39 27 29 23 4 3 38 3 18 18 14 9 5 35 18 0 6 36 16 30 22 16 2 37 5 27 35 17 23 35 13 22 14 34 5 18 
80 37 36 13 15 6 27 17 3 15 35 4 13 23 12 35 6 28 29 35 33 16 30 2 39 17 15 13 31 9 11 1 38 39 6 14 37 26 23 0 33 10 36 38 33 8 33 31 28 15 26 13 31 9 16 23 18 23 36 2 25 7 3 23 38 2 29 35 28 12 36 21 22 32 11 8 33 4 39 21 11 
90 18 35 3 19 3 18 37 26 14 39 11 14 35 27 12 37 16 0 25 21 36 38 35 20 9 3 13 5 3 27 17 13 22 12 32 25 30 29 3 36 21 7 2 16 34 7 5 2 7 30 23 35 20 19 15 21 22 21 18 17 8 27 30 22 39 22 7 21 4 2 10 17 9 12 33 3 11 38 6 18 20 29 5 32 0 13 5 15 34 23 
100 32 34 11 23 16 2 37 15 24 33 17 26 10 27 38 3 22 2 33 28 20 5 10 18 37 2 31 2 17 17 18 10 11 29 25 19 23 22 26 39 16 3 25 18 22 16 22 5 18 7 25 30 13 27 8 2 30 31 37 7 8 15 17 11 36 34 22 19 17 8 19 25 4 4 3 26 12 17 23 30 17 1 21 22 28 21 24 10 13 13 18 21 28 27 25 16 22 7 36 31 
110 16 7 8 20 3 3 38 16 13 14 6 30 15 19 12 35 1 28 6 6 2 16 27 22 3 4 39 17 12 27 0 28 34 8 0 37 4 38 5 17 4 12 39 19 23 3 7 16 23 13 22 25 21 2 0 24 6 39 34 18 18 34 38 12 35 38 1 31 29 7 8 33 11 39 5 34 2 12 3 17 17 25 3 30 27 35 14 26 34 0 4 12 27 35 16 22 33 17 13 14 16 13 0 27 4 5 14 38 9 17 
120 15 18 34 18 8 22 5 14 0 39 15 4 3 34 31 11 16 25 21 21 31 37 26 31 25 30 28 31 28 29 8 3 7 2 14 7 16 19 22 16 11 29 13 6 23 4 18 31 21 39 12 5 36 38 36 13 28 17 36 8 6 4 11 14 39 25 13 7 37 35 16 8 24 21 14 39 17 24 30 39 23 34 36 12 24 24 17 4 1 14 12 8 10 24 14 1 1 27 1 30 15 17 38 31 38 5 31 15 29 13 6 5 8 34 17 32 19 26 37 20 
130 0 9 20 3 25 34 4 19 14 5 9 29 14 0 20 4 5 11 12 26 17 10 31 25 5 0 9 24 19 6 4 11 8 25 14 25 11 11 4 25 8 6 14 23 6 27 19 3 30 31 21 7 34 5 24 39 37 34 15 16 0 19 28 0 36 2 26 8 5 22 25 14 28 32 29 26 19 0 21 1 24 3 9 18 8 33 17 5 19 32 14 20 3 2 12 32 36 38 32 34 21 17 8 1 1 29 28 12 29 9 14 13 4 15 31 4 0 0 10 20 24 16 32 20 18 4 12 6 35 4 
140 0 8 13 0 9 15 29 29 27 11 31 33 16 35 8 0 0 9 32 2 29 9 18 21 29 28 17 33 26 12 29 19 20 2 19 22 9 1 3 29 4 34 22 20 22 31 20 22 0 13 16 21 22 26 34 3 6 11 36 32 16 25 11 28 19 23 2 29 24 6 10 28 0 32 0 22 23 21 36 15 26 12 36 8 30 22 3 36 26 39 21 2 16 24 22 35 7 25 16 23 31 26 3 31 11 4 6 34 17 2 2 3 7 38 3 29 13 6 26 39 5 7 33 13 31 15 0 31 0 17 14 23 35 10 7 6 14 13 33 31 
150 7 35 34 6 25 37 36 30 35 14 29 0 21 22 5 4 30 5 27 22 22 34 6 10 4 13 8 10 18 33 1 17 20 27 24 6 16 20 36 11 26 18 3 7 32 8 3 22 13 23 5 28 17 3 30 21 16 38 31 26 24 24 3 4 11 27 2 19 39 31 30 25 9 25 24 1 33 20 16 6 3 21 26 12 24 16 25 32 7 8 10 31 32 13 35 35 33 38 6 24 29 28 2 30 13 26 31 6 38 39 4 33 20 31 37 36 39 22 20 6 30 30 29 14 36 25 1 29 15 7 13 36 35 7 26 0 26 9 6 24 9 3 10 21 26 7 10 25 30 30 
160 24 12 13 13 19 9 30 12 30 5 20 35 33 7 3 19 0 29 21 6 5 30 1 15 3 27 23 13 5 5 36 29 9 1 2 28 2 25 1 32 30 13 19 24 12 22 35 12 3 16 11 9 38 12 24 2 0 39 7 37 4 35 26 14 36 20 34 38 5 35 22 28 8 2 12 13 16 39 25 20 16 36 21 6 1 5 8 33 37 8 30 1 3 16 7 0 28 34 30 34 29 5 22 30 39 26 3 15 25 20 27 33 9 8 0 10 6 0 3 3 8 33 36 12 1 36 4 29 30 34 15 19 39 29 1 30 15 36 6 33 9 25 18 18 26 18 20 32 19 15 27 27 0 23 31 1 11 35 22 1 
170 22 38 13 21 27 6 4 35 3 10 20 12 27 38 22 13 17 2 37 28 17 16 7 9 0 39 10 3 26 24 5 8 22 18 22 2 16 26 29 19 28 9 23 15 39 37 21 8 39 10 36 8 27 36 17 19 35 19 22 21 4 27 22 18 37 4 12 14 30 1 25 18 2 1 25 2 38 38 10 38 9 39 38 28 35 8 7 22 19 29 35 23 9 17 2 38 21 14 4 3 8 30 13 10 31 39 4 29 37 7 19 38 6 10 26 1 10 25 23 29 7 18 13 8 28 7 6 9 13 3 5 21 33 18 24 16 17 28 37 7 35 9 37 33 19 16 26 29 1 1 18 0 12 23 8 0 30 7 1 36 10 6 17 35 25 33 11 34 22 0 
180 1 9 9 31 35 20 7 21 9 0 23 20 33 35 35 1 35 26 8 36 22 10 3 31 5 20 25 16 14 39 9 8 0 18 39 35 39 38 17 0 30 0 12 15 35 8 17 22 26 17 10 0 28 5 23 33 25 8 2 0 39 11 0 0 21 31 35 12 21 12 13 11 4 17 19 31 17 36 13 3 5 16 35 25 21 19 11 7 19 5 39 19 8 39 19 29 30 6 2 11 11 7 14 15 16 33 39 34 21 4 29 19 20 25 36 2 36 7 9 15 4 8 26 12 39 37 2 29 4 36 32 15 35 6 22 11 32 21 5 13 26 35 24 6 12 21 8 8 28 9 23 33 9 10 37 8 7 31 37 3 27 29 18 22 28 33 34 20 6 31 25 32 26 10 31 38 31 31 6 11 
190 33 22 36 2 24 34 11 23 25 8 27 5 30 37 27 10 30 13 22 37 5 7 21 23 9 4 14 32 36 12 36 29 26 32 31 10 18 34 34 36 3 13 1 25 10 20 35 33 26 17 30 23 16 3 6 18 8 12 10 36 25 6 25 11 31 8 14 9 3 8 37 38 21 30 15 23 11 2 16 29 11 38 12 27 2 10 37 10 15 8 6 0 6 23 3 37 23 17 39 26 17 36 16 30 19 31 14 22 33 22 11 36 21 15 24 23 25 21 25 32 21 23 32 28 6 28 17 21 37 16 8 7 5 16 37 24 8 3 6 33 26 17 30 7 24 6 22 1 19 39 34 33 22 26 21 20 6 38 1 4 7 1 11 12 18 0 28 18 36 34 11 14 3 33 13 27 39 35 28 11 34 22 4 8 1 17 28 39 7 29 
200 3 14 31 6 26 1 39 6 19 35 0 30 9 35 16 22 22 7 9 3 18 35 17 14 3 18 31 31 18 39 12 13 5 35 12 24 36 3 30 15 38 31 38 39 26 14 13 1 21 14 36 32 9 13 38 12 32 30 35 2 21 39 7 18 35 11 2 23 14 33 31 4 16 21 35 34 27 8 27 0 14 23 32 23 37 31 27 21 13 14 23 26 14 22 4 1 34 7 16 0 32 7 5 0 20 0 34 7 1 22 8 15 5 32 31 2 15 18 15 20 25 38 6 31 13 3 32 39 2 8 39 34 8 4 34 28 37 20 28 38 2 36 5 0 20 36 34 36 7 10 16 32 0 15 23 13 18 7 12 20 7 12 6 15 8 0 36 5 12 16 35 7 12 1 7 24 37 33 20 4 3 29 28 36 4 11 1 22 18 6 34 18 10 0 33 18 32 21 16 4 
-1