500
37 2 40 41 42 80 81 82 120 121 122 160 161 162 200 201 202 240 241 242 280 281 282 320 321 322 360 361 362 400 401 402 440 441 442 480 481 482
38 1 3 41 42 43 81 82 83 121 122 123 161 162 163 201 202 203 241 242 243 281 282 283 321 322 323 361 362 363 401 402 403 441 442 443 481 482 483
38 2 4 42 43 44 82 83 84 122 123 124 162 163 164 202 203 204 242 243 244 282 283 284 322 323 324 362 363 364 402 403 404 442 443 444 482 483 484
38 3 5 43 44 45 83 84 85 123 124 125 163 164 165 203 204 205 243 244 245 283 284 285 323 324 325 363 364 365 403 404 405 443 444 445 483 484 485
38 4 6 44 45 46 84 85 86 124 125 126 164 165 166 204 205 206 244 245 246 284 285 286 324 325 326 364 365 366 404 405 406 444 445 446 484 485 486
38 5 7 45 46 47 85 86 87 125 126 127 165 166 167 205 206 207 245 246 247 285 286 287 325 326 327 365 366 367 405 406 407 445 446 447 485 486 487
38 6 8 46 47 48 86 87 88 126 127 128 166 167 168 206 207 208 246 247 248 286 287 288 326 327 328 366 367 368 406 407 408 446 447 448 486 487 488
38 7 9 47 48 49 87 88 89 127 128 129 167 168 169 207 208 209 247 248 249 287 288 289 327 328 329 367 368 369 407 408 409 447 448 449 487 488 489
38 8 10 48 49 50 88 89 90 128 129 130 168 169 170 208 209 210 248 249 250 288 289 290 328 329 330 368 369 370 408 409 410 448 449 450 488 489 490
38 9 11 49 50 51 89 90 91 129 130 131 169 170 171 209 210 211 249 250 251 289 290 291 329 330 331 369 370 371 409 410 411 449 450 451 489 490 491
38 10 12 50 51 52 90 91 92 130 131 132 170 171 172 210 211 212 250 251 252 290 291 292 330 331 332 370 371 372 410 411 412 450 451 452 490 491 492
38 11 13 51 52 53 91 92 93 131 132 133 171 172 173 211 212 213 251 252 253 291 292 293 331 332 333 371 372 373 411 412 413 451 452 453 491 492 493
38 12 14 52 53 54 92 93 94 132 133 134 172 173 174 212 213 214 252 253 254 292 293 294 332 333 334 372 373 374 412 413 414 452 453 454 492 493 494
38 13 15 53 54 55 93 94 95 133 134 135 173 174 175 213 214 215 253 254 255 293 294 295 333 334 335 373 374 375 413 414 415 453 454 455 493 494 495
38 14 16 54 55 56 94 95 96 134 135 136 174 175 176 214 215 216 254 255 256 294 295 296 334 335 336 374 375 376 414 415 416 454 455 456 494 495 496
38 15 17 55 56 57 95 96 97 135 136 137 175 176 177 215 216 217 255 256 257 295 296 297 335 336 337 375 376 377 415 416 417 455 456 457 495 496 497
38 16 18 56 57 58 96 97 98 136 137 138 176 177 178 216 217 218 256 257 258 296 297 298 336 337 338 376 377 378 416 417 418 456 457 458 496 497 498
38 17 19 57 58 59 97 98 99 137 138 139 177 178 179 217 218 219 257 258 259 297 298 299 337 338 339 377 378 379 417 418 419 457 458 459 497 498 499
38 18 20 58 59 60 98 99 100 138 139 140 178 179 180 218 219 220 258 259 260 298 299 300 338 339 340 378 379 380 418 419 420 458 459 460 498 499 500
37 19 21 59 60 61 99 100 101 139 140 141 179 180 181 219 220 221 259 260 261 299 300 301 339 340 341 379 380 381 419 420 421 459 460 461 499 500
36 20 22 60 61 62 100 101 102 140 141 142 180 181 182 220 221 222 260 261 262 300 301 302 340 341 342 380 381 382 420 421 422 460 461 462 500
35 21 23 61 62 63 101 102 103 141 142 143 181 182 183 221 222 223 261 262 263 301 302 303 341 342 343 381 382 383 421 422 423 461 462 463
35 22 24 62 63 64 102 103 104 142 143 144 182 183 184 222 223 224 262 263 264 302 303 304 342 343 344 382 383 384 422 423 424 462 463 464
35 23 25 63 64 65 103 104 105 143 144 145 183 184 185 223 224 225 263 264 265 303 304 305 343 344 345 383 384 385 423 424 425 463 464 465
35 24 26 64 65 66 104 105 106 144 145 146 184 185 186 224 225 226 264 265 266 304 305 306 344 345 346 384 385 386 424 425 426 464 465 466
35 25 27 65 66 67 105 106 107 145 146 147 185 186 187 225 226 227 265 266 267 305 306 307 345 346 347 385 386 387 425 426 427 465 466 467
35 26 28 66 67 68 106 107 108 146 147 148 186 187 188 226 227 228 266 267 268 306 307 308 346 347 348 386 387 388 426 427 428 466 467 468
35 27 29 67 68 69 107 108 109 147 148 149 187 188 189 227 228 229 267 268 269 307 308 309 347 348 349 387 388 389 427 428 429 467 468 469
35 28 30 68 69 70 108 109 110 148 149 150 188 189 190 228 229 230 268 269 270 308 309 310 348 349 350 388 389 390 428 429 430 468 469 470
35 29 31 69 70 71 109 110 111 149 150 151 189 190 191 229 230 231 269 270 271 309 310 311 349 350 351 389 390 391 429 430 431 469 470 471
35 30 32 70 71 72 110 111 112 150 151 152 190 191 192 230 231 232 270 271 272 310 311 312 350 351 352 390 391 392 430 431 432 470 471 472
35 31 33 71 72 73 111 112 113 151 152 153 191 192 193 231 232 233 271 272 273 311 312 313 351 352 353 391 392 393 431 432 433 471 472 473
35 32 34 72 73 74 112 113 114 152 153 154 192 193 194 232 233 234 272 273 274 312 313 314 352 353 354 392 393 394 432 433 434 472 473 474
35 33 35 73 74 75 113 114 115 153 154 155 193 194 195 233 234 235 273 274 275 313 314 315 353 354 355 393 394 395 433 434 435 473 474 475
35 34 36 74 75 76 114 115 116 154 155 156 194 195 196 234 235 236 274 275 276 314 315 316 354 355 356 394 395 396 434 435 436 474 475 476
35 35 37 75 76 77 115 116 117 155 156 157 195 196 197 235 236 237 275 276 277 315 316 317 355 356 357 395 396 397 435 436 437 475 476 477
35 36 38 76 77 78 116 117 118 156 157 158 196 197 198 236 237 238 276 277 278 316 317 318 356 357 358 396 397 398 436 437 438 476 477 478
35 37 39 77 78 79 117 118 119 157 158 159 197 198 199 237 238 239 277 278 279 317 318 319 357 358 359 397 398 399 437 438 439 477 478 479
35 38 40 78 79 80 118 119 120 158 159 160 198 199 200 238 239 240 278 279 280 318 319 320 358 359 360 398 399 400 438 439 440 478 479 480
36 1 39 41 79 80 81 119 120 121 159 160 161 199 200 201 239 240 241 279 280 281 319 320 321 359 360 361 399 400 401 439 440 441 479 480 481
37 1 2 40 42 80 81 82 120 121 122 160 161 162 200 201 202 240 241 242 280 281 282 320 321 322 360 361 362 400 401 402 440 441 442 480 481 482
38 1 2 3 41 43 81 82 83 121 122 123 161 162 163 201 202 203 241 242 243 281 282 283 321 322 323 361 362 363 401 402 403 441 442 443 481 482 483
38 2 3 4 42 44 82 83 84 122 123 124 162 163 164 202 203 204 242 243 244 282 283 284 322 323 324 362 363 364 402 403 404 442 443 444 482 483 484
38 3 4 5 43 45 83 84 85 123 124 125 163 164 165 203 204 205 243 244 245 283 284 285 323 324 325 363 364 365 403 404 405 443 444 445 483 484 485
38 4 5 6 44 46 84 85 86 124 125 126 164 165 166 204 205 206 244 245 246 284 285 286 324 325 326 364 365 366 404 405 406 444 445 446 484 485 486
38 5 6 7 45 47 85 86 87 125 126 127 165 166 167 205 206 207 245 246 247 285 286 287 325 326 327 365 366 367 405 406 407 445 446 447 485 486 487
38 6 7 8 46 48 86 87 88 126 127 128 166 167 168 206 207 208 246 247 248 286 287 288 326 327 328 366 367 368 406 407 408 446 447 448 486 487 488
38 7 8 9 47 49 87 88 89 127 128 129 167 168 169 207 208 209 247 248 249 287 288 289 327 328 329 367 368 369 407 408 409 447 448 449 487 488 489
38 8 9 10 48 50 88 89 90 128 129 130 168 169 170 208 209 210 248 249 250 288 289 290 328 329 330 368 369 370 408 409 410 448 449 450 488 489 490
38 9 10 11 49 51 89 90 91 129 130 131 169 170 171 209 210 211 249 250 251 289 290 291 329 330 331 369 370 371 409 410 411 449 450 451 489 490 491
38 10 11 12 50 52 90 91 92 130 131 132 170 171 172 210 211 212 250 251 252 290 291 292 330 331 332 370 371 372 410 411 412 450 451 452 490 491 492
38 11 12 13 51 53 91 92 93 131 132 133 171 172 173 211 212 213 251 252 253 291 292 293 331 332 333 371 372 373 411 412 413 451 452 453 491 492 493
38 12 13 14 52 54 92 93 94 132 133 134 172 173 174 212 213 214 252 253 254 292 293 294 332 333 334 372 373 374 412 413 414 452 453 454 492 493 494
38 13 14 15 53 55 93 94 95 133 134 135 173 174 175 213 214 215 253 254 255 293 294 295 333 334 335 373 374 375 413 414 415 453 454 455 493 494 495
38 14 15 16 54 56 94 95 96 134 135 136 174 175 176 214 215 216 254 255 256 294 295 296 334 335 336 374 375 376 414 415 416 454 455 456 494 495 496
38 15 16 17 55 57 95 96 97 135 136 137 175 176 177 215 216 217 255 256 257 295 296 297 335 336 337 375 376 377 415 416 417 455 456 457 495 496 497
38 16 17 18 56 58 96 97 98 136 137 138 176 177 178 216 217 218 256 257 258 296 297 298 336 337 338 376 377 378 416 417 418 456 457 458 496 497 498
38 17 18 19 57 59 97 98 99 137 138 139 177 178 179 217 218 219 257 258 259 297 298 299 337 338 339 377 378 379 417 418 419 457 458 459 497 498 499
38 18 19 20 58 60 98 99 100 138 139 140 178 179 180 218 219 220 258 259 260 298 299 300 338 339 340 378 379 380 418 419 420 458 459 460 498 499 500
37 19 20 21 59 61 99 100 101 139 140 141 179 180 181 219 220 221 259 260 261 299 300 301 339 340 341 379 380 381 419 420 421 459 460 461 499 500
36 20 21 22 60 62 100 101 102 140 141 142 180 181 182 220 221 222 260 261 262 300 301 302 340 341 342 380 381 382 420 421 422 460 461 462 500
35 21 22 23 61 63 101 102 103 141 142 143 181 182 183 221 222 223 261 262 263 301 302 303 341 342 343 381 382 383 421 422 423 461 462 463
35 22 23 24 62 64 102 103 104 142 143 144 182 183 184 222 223 224 262 263 264 302 303 304 342 343 344 382 383 384 422 423 424 462 463 464
35 23 24 25 63 65 103 104 105 143 144 145 183 184 185 223 224 225 263 264 265 303 304 305 343 344 345 383 384 385 423 424 425 463 464 465
35 24 25 26 64 66 104 105 106 144 145 146 184 185 186 224 225 226 264 265 266 304 305 306 344 345 346 384 385 386 424 425 426 464 465 466
35 25 26 27 65 67 105 106 107 145 146 147 185 186 187 225 226 227 265 266 267 305 306 307 345 346 347 385 386 387 425 426 427 465 466 467
35 26 27 28 66 68 106 107 108 146 147 148 186 187 188 226 227 228 266 267 268 306 307 308 346 347 348 386 387 388 426 427 428 466 467 468
35 27 28 29 67 69 107 108 109 147 148 149 187 188 189 227 228 229 267 268 269 307 308 309 347 348 349 387 388 389 427 428 429 467 468 469
35 28 29 30 68 70 108 109 110 148 149 150 188 189 190 228 229 230 268 269 270 308 309 310 348 349 350 388 389 390 428 429 430 468 469 470
35 29 30 31 69 71 109 110 111 149 150 151 189 190 191 229 230 231 269 270 271 309 310 311 349 350 351 389 390 391 429 430 431 469 470 471
35 30 31 32 70 72 110 111 112 150 151 152 190 191 192 230 231 232 270 271 272 310 311 312 350 351 352 390 391 392 430 431 432 470 471 472
35 31 32 33 71 73 111 112 113 151 152 153 191 192 193 231 232 233 271 272 273 311 312 313 351 352 353 391 392 393 431 432 433 471 472 473
35 32 33 34 72 74 112 113 114 152 153 154 192 193 194 232 233 234 272 273 274 312 313 314 352 353 354 392 393 394 432 433 434 472 473 474
35 33 34 35 73 75 113 114 115 153 154 155 193 194 195 233 234 235 273 274 275 313 314 315 353 354 355 393 394 395 433 434 435 473 474 475
35 34 35 36 74 76 114 115 116 154 155 156 194 195 196 234 235 236 274 275 276 314 315 316 354 355 356 394 395 396 434 435 436 474 475 476
35 35 36 37 75 77 115 116 117 155 156 157 195 196 197 235 236 237 275 276 277 315 316 317 355 356 357 395 396 397 435 436 437 475 476 477
35 36 37 38 76 78 116 117 118 156 157 158 196 197 198 236 237 238 276 277 278 316 317 318 356 357 358 396 397 398 436 437 438 476 477 478
35 37 38 39 77 79 117 118 119 157 158 159 197 198 199 237 238 239 277 278 279 317 318 319 357 358 359 397 398 399 437 438 439 477 478 479
35 38 39 40 78 80 118 119 120 158 159 160 198 199 200 238 239 240 278 279 280 318 319 320 358 359 360 398 399 400 438 439 440 478 479 480
36 1 39 40 41 79 81 119 120 121 159 160 161 199 200 201 239 240 241 279 280 281 319 320 321 359 360 361 399 400 401 439 440 441 479 480 481
37 1 2 40 41 42 80 82 120 121 122 160 161 162 200 201 202 240 241 242 280 281 282 320 321 322 360 361 362 400 401 402 440 441 442 480 481 482
38 1 2 3 41 42 43 81 83 121 122 123 161 162 163 201 202 203 241 242 243 281 282 283 321 322 323 361 362 363 401 402 403 441 442 443 481 482 483
38 2 3 4 42 43 44 82 84 122 123 124 162 163 164 202 203 204 242 243 244 282 283 284 322 323 324 362 363 364 402 403 404 442 443 444 482 483 484
38 3 4 5 43 44 45 83 85 123 124 125 163 164 165 203 204 205 243 244 245 283 284 285 323 324 325 363 364 365 403 404 405 443 444 445 483 484 485
38 4 5 6 44 45 46 84 86 124 125 126 164 165 166 204 205 206 244 245 246 284 285 286 324 325 326 364 365 366 404 405 406 444 445 446 484 485 486
38 5 6 7 45 46 47 85 87 125 126 127 165 166 167 205 206 207 245 246 247 285 286 287 325 326 327 365 366 367 405 406 407 445 446 447 485 486 487
38 6 7 8 46 47 48 86 88 126 127 128 166 167 168 206 207 208 246 247 248 286 287 288 326 327 328 366 367 368 406 407 408 446 447 448 486 487 488
38 7 8 9 47 48 49 87 89 127 128 129 167 168 169 207 208 209 247 248 249 287 288 289 327 328 329 367 368 369 407 408 409 447 448 449 487 488 489
38 8 9 10 48 49 50 88 90 128 129 130 168 169 170 208 209 210 248 249 250 288 289 290 328 329 330 368 369 370 408 409 410 448 449 450 488 489 490
38 9 10 11 49 50 51 89 91 129 130 131 169 170 171 209 210 211 249 250 251 289 290 291 329 330 331 369 370 371 409 410 411 449 450 451 489 490 491
38 10 11 12 50 51 52 90 92 130 131 132 170 171 172 210 211 212 250 251 252 290 291 292 330 331 332 370 371 372 410 411 412 450 451 452 490 491 492
38 11 12 13 51 52 53 91 93 131 132 133 171 172 173 211 212 213 251 252 253 291 292 293 331 332 333 371 372 373 411 412 413 451 452 453 491 492 493
38 12 13 14 52 53 54 92 94 132 133 134 172 173 174 212 213 214 252 253 254 292 293 294 332 333 334 372 373 374 412 413 414 452 453 454 492 493 494
38 13 14 15 53 54 55 93 95 133 134 135 173 174 175 213 214 215 253 254 255 293 294 295 333 334 335 373 374 375 413 414 415 453 454 455 493 494 495
38 14 15 16 54 55 56 94 96 134 135 136 174 175 176 214 215 216 254 255 256 294 295 296 334 335 336 374 375 376 414 415 416 454 455 456 494 495 496
38 15 16 17 55 56 57 95 97 135 136 137 175 176 177 215 216 217 255 256 257 295 296 297 335 336 337 375 376 377 415 416 417 455 456 457 495 496 497
38 16 17 18 56 57 58 96 98 136 137 138 176 177 178 216 217 218 256 257 258 296 297 298 336 337 338 376 377 378 416 417 418 456 457 458 496 497 498
38 17 18 19 57 58 59 97 99 137 138 139 177 178 179 217 218 219 257 258 259 297 298 299 337 338 339 377 378 379 417 418 419 457 458 459 497 498 499
38 18 19 20 58 59 60 98 100 138 139 140 178 179 180 218 219 220 258 259 260 298 299 300 338 339 340 378 379 380 418 419 420 458 459 460 498 499 500
37 19 20 21 59 60 61 99 101 139 140 141 179 180 181 219 220 221 259 260 261 299 300 301 339 340 341 379 380 381 419 420 421 459 460 461 499 500
36 20 21 22 60 61 62 100 102 140 141 142 180 181 182 220 221 222 260 261 262 300 301 302 340 341 342 380 381 382 420 421 422 460 461 462 500
35 21 22 23 61 62 63 101 103 141 142 143 181 182 183 221 222 223 261 262 263 301 302 303 341 342 343 381 382 383 421 422 423 461 462 463
35 22 23 24 62 63 64 102 104 142 143 144 182 183 184 222 223 224 262 263 264 302 303 304 342 343 344 382 383 384 422 423 424 462 463 464
35 23 24 25 63 64 65 103 105 143 144 145 183 184 185 223 224 225 263 264 265 303 304 305 343 344 345 383 384 385 423 424 425 463 464 465
35 24 25 26 64 65 66 104 106 144 145 146 184 185 186 224 225 226 264 265 266 304 305 306 344 345 346 384 385 386 424 425 426 464 465 466
35 25 26 27 65 66 67 105 107 145 146 147 185 186 187 225 226 227 265 266 267 305 306 307 345 346 347 385 386 387 425 426 427 465 466 467
35 26 27 28 66 67 68 106 108 146 147 148 186 187 188 226 227 228 266 267 268 306 307 308 346 347 348 386 387 388 426 427 428 466 467 468
35 27 28 29 67 68 69 107 109 147 148 149 187 188 189 227 228 229 267 268 269 307 308 309 347 348 349 387 388 389 427 428 429 467 468 469
35 28 29 30 68 69 70 108 110 148 149 150 188 189 190 228 229 230 268 269 270 308 309 310 348 349 350 388 389 390 428 429 430 468 469 470
35 29 30 31 69 70 71 109 111 149 150 151 189 190 191 229 230 231 269 270 271 309 310 311 349 350 351 389 390 391 429 430 431 469 470 471
35 30 31 32 70 71 72 110 112 150 151 152 190 191 192 230 231 232 270 271 272 310 311 312 350 351 352 390 391 392 430 431 432 470 471 472
35 31 32 33 71 72 73 111 113 151 152 153 191 192 193 231 232 233 271 272 273 311 312 313 351 352 353 391 392 393 431 432 433 471 472 473
35 32 33 34 72 73 74 112 114 152 153 154 192 193 194 232 233 234 272 273 274 312 313 314 352 353 354 392 393 394 432 433 434 472 473 474
35 33 34 35 73 74 75 113 115 153 154 155 193 194 195 233 234 235 273 274 275 313 314 315 353 354 355 393 394 395 433 434 435 473 474 475
35 34 35 36 74 75 76 114 116 154 155 156 194 195 196 234 235 236 274 275 276 314 315 316 354 355 356 394 395 396 434 435 436 474 475 476
35 35 36 37 75 76 77 115 117 155 156 157 195 196 197 235 236 237 275 276 277 315 316 317 355 356 357 395 396 397 435 436 437 475 476 477
35 36 37 38 76 77 78 116 118 156 157 158 196 197 198 236 237 238 276 277 278 316 317 318 356 357 358 396 397 398 436 437 438 476 477 478
35 37 38 39 77 78 79 117 119 157 158 159 197 198 199 237 238 239 277 278 279 317 318 319 357 358 359 397 398 399 437 438 439 477 478 479
35 38 39 40 78 79 80 118 120 158 159 160 198 199 200 238 239 240 278 279 280 318 319 320 358 359 360 398 399 400 438 439 440 478 479 480
36 1 39 40 41 79 80 81 119 121 159 160 161 199 200 201 239 240 241 279 280 281 319 320 321 359 360 361 399 400 401 439 440 441 479 480 481
37 1 2 40 41 42 80 81 82 120 122 160 161 162 200 201 202 240 241 242 280 281 282 320 321 322 360 361 362 400 401 402 440 441 442 480 481 482
38 1 2 3 41 42 43 81 82 83 121 123 161 162 163 201 202 203 241 242 243 281 282 283 321 322 323 361 362 363 401 402 403 441 442 443 481 482 483
38 2 3 4 42 43 44 82 83 84 122 124 162 163 164 202 203 204 242 243 244 282 283 284 322 323 324 362 363 364 402 403 404 442 443 444 482 483 484
38 3 4 5 43 44 45 83 84 85 123 125 163 164 165 203 204 205 243 244 245 283 284 285 323 324 325 363 364 365 403 404 405 443 444 445 483 484 485
38 4 5 6 44 45 46 84 85 86 124 126 164 165 166 204 205 206 244 245 246 284 285 286 324 325 326 364 365 366 404 405 406 444 445 446 484 485 486
38 5 6 7 45 46 47 85 86 87 125 127 165 166 167 205 206 207 245 246 247 285 286 287 325 326 327 365 366 367 405 406 407 445 446 447 485 486 487
38 6 7 8 46 47 48 86 87 88 126 128 166 167 168 206 207 208 246 247 248 286 287 288 326 327 328 366 367 368 406 407 408 446 447 448 486 487 488
38 7 8 9 47 48 49 87 88 89 127 129 167 168 169 207 208 209 247 248 249 287 288 289 327 328 329 367 368 369 407 408 409 447 448 449 487 488 489
38 8 9 10 48 49 50 88 89 90 128 130 168 169 170 208 209 210 248 249 250 288 289 290 328 329 330 368 369 370 408 409 410 448 449 450 488 489 490
38 9 10 11 49 50 51 89 90 91 129 131 169 170 171 209 210 211 249 250 251 289 290 291 329 330 331 369 370 371 409 410 411 449 450 451 489 490 491
38 10 11 12 50 51 52 90 91 92 130 132 170 171 172 210 211 212 250 251 252 290 291 292 330 331 332 370 371 372 410 411 412 450 451 452 490 491 492
38 11 12 13 51 52 53 91 92 93 131 133 171 172 173 211 212 213 251 252 253 291 292 293 331 332 333 371 372 373 411 412 413 451 452 453 491 492 493
38 12 13 14 52 53 54 92 93 94 132 134 172 173 174 212 213 214 252 253 254 292 293 294 332 333 334 372 373 374 412 413 414 452 453 454 492 493 494
38 13 14 15 53 54 55 93 94 95 133 135 173 174 175 213 214 215 253 254 255 293 294 295 333 334 335 373 374 375 413 414 415 453 454 455 493 494 495
38 14 15 16 54 55 56 94 95 96 134 136 174 175 176 214 215 216 254 255 256 294 295 296 334 335 336 374 375 376 414 415 416 454 455 456 494 495 496
38 15 16 17 55 56 57 95 96 97 135 137 175 176 177 215 216 217 255 256 257 295 296 297 335 336 337 375 376 377 415 416 417 455 456 457 495 496 497
38 16 17 18 56 57 58 96 97 98 136 138 176 177 178 216 217 218 256 257 258 296 297 298 336 337 338 376 377 378 416 417 418 456 457 458 496 497 498
38 17 18 19 57 58 59 97 98 99 137 139 177 178 179 217 218 219 257 258 259 297 298 299 337 338 339 377 378 379 417 418 419 457 458 459 497 498 499
38 18 19 20 58 59 60 98 99 100 138 140 178 179 180 218 219 220 258 259 260 298 299 300 338 339 340 378 379 380 418 419 420 458 459 460 498 499 500
37 19 20 21 59 60 61 99 100 101 139 141 179 180 181 219 220 221 259 260 261 299 300 301 339 340 341 379 380 381 419 420 421 459 460 461 499 500
36 20 21 22 60 61 62 100 101 102 140 142 180 181 182 220 221 222 260 261 262 300 301 302 340 341 342 380 381 382 420 421 422 460 461 462 500
35 21 22 23 61 62 63 101 102 103 141 143 181 182 183 221 222 223 261 262 263 301 302 303 341 342 343 381 382 383 421 422 423 461 462 463
35 22 23 24 62 63 64 102 103 104 142 144 182 183 184 222 223 224 262 263 264 302 303 304 342 343 344 382 383 384 422 423 424 462 463 464
35 23 24 25 63 64 65 103 104 105 143 145 183 184 185 223 224 225 263 264 265 303 304 305 343 344 345 383 384 385 423 424 425 463 464 465
35 24 25 26 64 65 66 104 105 106 144 146 184 185 186 224 225 226 264 265 266 304 305 306 344 345 346 384 385 386 424 425 426 464 465 466
35 25 26 27 65 66 67 105 106 107 145 147 185 186 187 225 226 227 265 266 267 305 306 307 345 346 347 385 386 387 425 426 427 465 466 467
35 26 27 28 66 67 68 106 107 108 146 148 186 187 188 226 227 228 266 267 268 306 307 308 346 347 348 386 387 388 426 427 428 466 467 468
35 27 28 29 67 68 69 107 108 109 147 149 187 188 189 227 228 229 267 268 269 307 308 309 347 348 349 387 388 389 427 428 429 467 468 469
35 28 29 30 68 69 70 108 109 110 148 150 188 189 190 228 229 230 268 269 270 308 309 310 348 349 350 388 389 390 428 429 430 468 469 470
35 29 30 31 69 70 71 109 110 111 149 151 189 190 191 229 230 231 269 270 271 309 310 311 349 350 351 389 390 391 429 430 431 469 470 471
35 30 31 32 70 71 72 110 111 112 150 152 190 191 192 230 231 232 270 271 272 310 311 312 350 351 352 390 391 392 430 431 432 470 471 472
35 31 32 33 71 72 73 111 112 113 151 153 191 192 193 231 232 233 271 272 273 311 312 313 351 352 353 391 392 393 431 432 433 471 472 473
35 32 33 34 72 73 74 112 113 114 152 154 192 193 194 232 233 234 272 273 274 312 313 314 352 353 354 392 393 394 432 433 434 472 473 474
35 33 34 35 73 74 75 113 114 115 153 155 193 194 195 233 234 235 273 274 275 313 314 315 353 354 355 393 394 395 433 434 435 473 474 475
35 34 35 36 74 75 76 114 115 116 154 156 194 195 196 234 235 236 274 275 276 314 315 316 354 355 356 394 395 396 434 435 436 474 475 476
35 35 36 37 75 76 77 115 116 117 155 157 195 196 197 235 236 237 275 276 277 315 316 317 355 356 357 395 396 397 435 436 437 475 476 477
35 36 37 38 76 77 78 116 117 118 156 158 196 197 198 236 237 238 276 277 278 316 317 318 356 357 358 396 397 398 436 437 438 476 477 478
35 37 38 39 77 78 79 117 118 119 157 159 197 198 199 237 238 239 277 278 279 317 318 319 357 358 359 397 398 399 437 438 439 477 478 479
35 38 39 40 78 79 80 118 119 120 158 160 198 199 200 238 239 240 278 279 280 318 319 320 358 359 360 398 399 400 438 439 440 478 479 480
36 1 39 40 41 79 80 81 119 120 121 159 161 199 200 201 239 240 241 279 280 281 319 320 321 359 360 361 399 400 401 439 440 441 479 480 481
37 1 2 40 41 42 80 81 82 120 121 122 160 162 200 201 202 240 241 242 280 281 282 320 321 322 360 361 362 400 401 402 440 441 442 480 481 482
38 1 2 3 41 42 43 81 82 83 121 122 123 161 163 201 202 203 241 242 243 281 282 283 321 322 323 361 362 363 401 402 403 441 442 443 481 482 483
38 2 3 4 42 43 44 82 83 84 122 123 124 162 164 202 203 204 242 243 244 282 283 284 322 323 324 362 363 364 402 403 404 442 443 444 482 483 484
38 3 4 5 43 44 45 83 84 85 123 124 125 163 165 203 204 205 243 244 245 283 284 285 323 324 325 363 364 365 403 404 405 443 444 445 483 484 485
38 4 5 6 44 45 46 84 85 86 124 125 126 164 166 204 205 206 244 245 246 284 285 286 324 325 326 364 365 366 404 405 406 444 445 446 484 485 486
38 5 6 7 45 46 47 85 86 87 125 126 127 165 167 205 206 207 245 246 247 285 286 287 325 326 327 365 366 367 405 406 407 445 446 447 485 486 487
38 6 7 8 46 47 48 86 87 88 126 127 128 166 168 206 207 208 246 247 248 286 287 288 326 327 328 366 367 368 406 407 408 446 447 448 486 487 488
38 7 8 9 47 48 49 87 88 89 127 128 129 167 169 207 208 209 247 248 249 287 288 289 327 328 329 367 368 369 407 408 409 447 448 449 487 488 489
38 8 9 10 48 49 50 88 89 90 128 129 130 168 170 208 209 210 248 249 250 288 289 290 328 329 330 368 369 370 408 409 410 448 449 450 488 489 490
38 9 10 11 49 50 51 89 90 91 129 130 131 169 171 209 210 211 249 250 251 289 290 291 329 330 331 369 370 371 409 410 411 449 450 451 489 490 491
38 10 11 12 50 51 52 90 91 92 130 131 132 170 172 210 211 212 250 251 252 290 291 292 330 331 332 370 371 372 410 411 412 450 451 452 490 491 492
38 11 12 13 51 52 53 91 92 93 131 132 133 171 173 211 212 213 251 252 253 291 292 293 331 332 333 371 372 373 411 412 413 451 452 453 491 492 493
38 12 13 14 52 53 54 92 93 94 132 133 134 172 174 212 213 214 252 253 254 292 293 294 332 333 334 372 373 374 412 413 414 452 453 454 492 493 494
38 13 14 15 53 54 55 93 94 95 133 134 135 173 175 213 214 215 253 254 255 293 294 295 333 334 335 373 374 375 413 414 415 453 454 455 493 494 495
38 14 15 16 54 55 56 94 95 96 134 135 136 174 176 214 215 216 254 255 256 294 295 296 334 335 336 374 375 376 414 415 416 454 455 456 494 495 496
38 15 16 17 55 56 57 95 96 97 135 136 137 175 177 215 216 217 255 256 257 295 296 297 335 336 337 375 376 377 415 416 417 455 456 457 495 496 497
38 16 17 18 56 57 58 96 97 98 136 137 138 176 178 216 217 218 256 257 258 296 297 298 336 337 338 376 377 378 416 417 418 456 457 458 496 497 498
38 17 18 19 57 58 59 97 98 99 137 138 139 177 179 217 218 219 257 258 259 297 298 299 337 338 339 377 378 379 417 418 419 457 458 459 497 498 499
38 18 19 20 58 59 60 98 99 100 138 139 140 178 180 218 219 220 258 259 260 298 299 300 338 339 340 378 379 380 418 419 420 458 459 460 498 499 500
37 19 20 21 59 60 61 99 100 101 139 140 141 179 181 219 220 221 259 260 261 299 300 301 339 340 341 379 380 381 419 420 421 459 460 461 499 500
36 20 21 22 60 61 62 100 101 102 140 141 142 180 182 220 221 222 260 261 262 300 301 302 340 341 342 380 381 382 420 421 422 460 461 462 500
35 21 22 23 61 62 63 101 102 103 141 142 143 181 183 221 222 223 261 262 263 301 302 303 341 342 343 381 382 383 421 422 423 461 462 463
35 22 23 24 62 63 64 102 103 104 142 143 144 182 184 222 223 224 262 263 264 302 303 304 342 343 344 382 383 384 422 423 424 462 463 464
35 23 24 25 63 64 65 103 104 105 143 144 145 183 185 223 224 225 263 264 265 303 304 305 343 344 345 383 384 385 423 424 425 463 464 465
35 24 25 26 64 65 66 104 105 106 144 145 146 184 186 224 225 226 264 265 266 304 305 306 344 345 346 384 385 386 424 425 426 464 465 466
35 25 26 27 65 66 67 105 106 107 145 146 147 185 187 225 226 227 265 266 267 305 306 307 345 346 347 385 386 387 425 426 427 465 466 467
35 26 27 28 66 67 68 106 107 108 146 147 148 186 188 226 227 228 266 267 268 306 307 308 346 347 348 386 387 388 426 427 428 466 467 468
35 27 28 29 67 68 69 107 108 109 147 148 149 187 189 227 228 229 267 268 269 307 308 309 347 348 349 387 388 389 427 428 429 467 468 469
35 28 29 30 68 69 70 108 109 110 148 149 150 188 190 228 229 230 268 269 270 308 309 310 348 349 350 388 389 390 428 429 430 468 469 470
35 29 30 31 69 70 71 109 110 111 149 150 151 189 191 229 230 231 269 270 271 309 310 311 349 350 351 389 390 391 429 430 431 469 470 471
35 30 31 32 70 71 72 110 111 112 150 151 152 190 192 230 231 232 270 271 272 310 311 312 350 351 352 390 391 392 430 431 432 470 471 472
35 31 32 33 71 72 73 111 112 113 151 152 153 191 193 231 232 233 271 272 273 311 312 313 351 352 353 391 392 393 431 432 433 471 472 473
35 32 33 34 72 73 74 112 113 114 152 153 154 192 194 232 233 234 272 273 274 312 313 314 352 353 354 392 393 394 432 433 434 472 473 474
35 33 34 35 73 74 75 113 114 115 153 154 155 193 195 233 234 235 273 274 275 313 314 315 353 354 355 393 394 395 433 434 435 473 474 475
35 34 35 36 74 75 76 114 115 116 154 155 156 194 196 234 235 236 274 275 276 314 315 316 354 355 356 394 395 396 434 435 436 474 475 476
35 35 36 37 75 76 77 115 116 117 155 156 157 195 197 235 236 237 275 276 277 315 316 317 355 356 357 395 396 397 435 436 437 475 476 477
35 36 37 38 76 77 78 116 117 118 156 157 158 196 198 236 237 238 276 277 278 316 317 318 356 357 358 396 397 398 436 437 438 476 477 478
35 37 38 39 77 78 79 117 118 119 157 158 159 197 199 237 238 239 277 278 279 317 318 319 357 358 359 397 398 399 437 438 439 477 478 479
35 38 39 40 78 79 80 118 119 120 158 159 160 198 200 238 239 240 278 279 280 318 319 320 358 359 360 398 399 400 438 439 440 478 479 480
36 1 39 40 41 79 80 81 119 120 121 159 160 161 199 201 239 240 241 279 280 281 319 320 321 359 360 361 399 400 401 439 440 441 479 480 481
37 1 2 40 41 42 80 81 82 120 121 122 160 161 162 200 202 240 241 242 280 281 282 320 321 322 360 361 362 400 401 402 440 441 442 480 481 482
38 1 2 3 41 42 43 81 82 83 121 122 123 161 162 163 201 203 241 242 243 281 282 283 321 322 323 361 362 363 401 402 403 441 442 443 481 482 483
38 2 3 4 42 43 44 82 83 84 122 123 124 162 163 164 202 204 242 243 244 282 283 284 322 323 324 362 363 364 402 403 404 442 443 444 482 483 484
38 3 4 5 43 44 45 83 84 85 123 124 125 163 164 165 203 205 243 244 245 283 284 285 323 324 325 363 364 365 403 404 405 443 444 445 483 484 485
38 4 5 6 44 45 46 84 85 86 124 125 126 164 165 166 204 206 244 245 246 284 285 286 324 325 326 364 365 366 404 405 406 444 445 446 484 485 486
38 5 6 7 45 46 47 85 86 87 125 126 127 165 166 167 205 207 245 246 247 285 286 287 325 326 327 365 366 367 405 406 407 445 446 447 485 486 487
38 6 7 8 46 47 48 86 87 88 126 127 128 166 167 168 206 208 246 247 248 286 287 288 326 327 328 366 367 368 406 407 408 446 447 448 486 487 488
38 7 8 9 47 48 49 87 88 89 127 128 129 167 168 169 207 209 247 248 249 287 288 289 327 328 329 367 368 369 407 408 409 447 448 449 487 488 489
38 8 9 10 48 49 50 88 89 90 128 129 130 168 169 170 208 210 248 249 250 288 289 290 328 329 330 368 369 370 408 409 410 448 449 450 488 489 490
38 9 10 11 49 50 51 89 90 91 129 130 131 169 170 171 209 211 249 250 251 289 290 291 329 330 331 369 370 371 409 410 411 449 450 451 489 490 491
38 10 11 12 50 51 52 90 91 92 130 131 132 170 171 172 210 212 250 251 252 290 291 292 330 331 332 370 371 372 410 411 412 450 451 452 490 491 492
38 11 12 13 51 52 53 91 92 93 131 132 133 171 172 173 211 213 251 252 253 291 292 293 331 332 333 371 372 373 411 412 413 451 452 453 491 492 493
38 12 13 14 52 53 54 92 93 94 132 133 134 172 173 174 212 214 252 253 254 292 293 294 332 333 334 372 373 374 412 413 414 452 453 454 492 493 494
38 13 14 15 53 54 55 93 94 95 133 134 135 173 174 175 213 215 253 254 255 293 294 295 333 334 335 373 374 375 413 414 415 453 454 455 493 494 495
38 14 15 16 54 55 56 94 95 96 134 135 136 174 175 176 214 216 254 255 256 294 295 296 334 335 336 374 375 376 414 415 416 454 455 456 494 495 496
38 15 16 17 55 56 57 95 96 97 135 136 137 175 176 177 215 217 255 256 257 295 296 297 335 336 337 375 376 377 415 416 417 455 456 457 495 496 497
38 16 17 18 56 57 58 96 97 98 136 137 138 176 177 178 216 218 256 257 258 296 297 298 336 337 338 376 377 378 416 417 418 456 457 458 496 497 498
38 17 18 19 57 58 59 97 98 99 137 138 139 177 178 179 217 219 257 258 259 297 298 299 337 338 339 377 378 379 417 418 419 457 458 459 497 498 499
38 18 19 20 58 59 60 98 99 100 138 139 140 178 179 180 218 220 258 259 260 298 299 300 338 339 340 378 379 380 418 419 420 458 459 460 498 499 500
37 19 20 21 59 60 61 99 100 101 139 140 141 179 180 181 219 221 259 260 261 299 300 301 339 340 341 379 380 381 419 420 421 459 460 461 499 500
36 20 21 22 60 61 62 100 101 102 140 141 142 180 181 182 220 222 260 261 262 300 301 302 340 341 342 380 381 382 420 421 422 460 461 462 500
35 21 22 23 61 62 63 101 102 103 141 142 143 181 182 183 221 223 261 262 263 301 302 303 341 342 343 381 382 383 421 422 423 461 462 463
35 22 23 24 62 63 64 102 103 104 142 143 144 182 183 184 222 224 262 263 264 302 303 304 342 343 344 382 383 384 422 423 424 462 463 464
35 23 24 25 63 64 65 103 104 105 143 144 145 183 184 185 223 225 263 264 265 303 304 305 343 344 345 383 384 385 423 424 425 463 464 465
35 24 25 26 64 65 66 104 105 106 144 145 146 184 185 186 224 226 264 265 266 304 305 306 344 345 346 384 385 386 424 425 426 464 465 466
35 25 26 27 65 66 67 105 106 107 145 146 147 185 186 187 225 227 265 266 267 305 306 307 345 346 347 385 386 387 425 426 427 465 466 467
35 26 27 28 66 67 68 106 107 108 146 147 148 186 187 188 226 228 266 267 268 306 307 308 346 347 348 386 387 388 426 427 428 466 467 468
35 27 28 29 67 68 69 107 108 109 147 148 149 187 188 189 227 229 267 268 269 307 308 309 347 348 349 387 388 389 427 428 429 467 468 469
35 28 29 30 68 69 70 108 109 110 148 149 150 188 189 190 228 230 268 269 270 308 309 310 348 349 350 388 389 390 428 429 430 468 469 470
35 29 30 31 69 70 71 109 110 111 149 150 151 189 190 191 229 231 269 270 271 309 310 311 349 350 351 389 390 391 429 430 431 469 470 471
35 30 31 32 70 71 72 110 111 112 150 151 152 190 191 192 230 232 270 271 272 310 311 312 350 351 352 390 391 392 430 431 432 470 471 472
35 31 32 33 71 72 73 111 112 113 151 152 153 191 192 193 231 233 271 272 273 311 312 313 351 352 353 391 392 393 431 432 433 471 472 473
35 32 33 34 72 73 74 112 113 114 152 153 154 192 193 194 232 234 272 273 274 312 313 314 352 353 354 392 393 394 432 433 434 472 473 474
35 33 34 35 73 74 75 113 114 115 153 154 155 193 194 195 233 235 273 274 275 313 314 315 353 354 355 393 394 395 433 434 435 473 474 475
35 34 35 36 74 75 76 114 115 116 154 155 156 194 195 196 234 236 274 275 276 314 315 316 354 355 356 394 395 396 434 435 436 474 475 476
35 35 36 37 75 76 77 115 116 117 155 156 157 195 196 197 235 237 275 276 277 315 316 317 355 356 357 395 396 397 435 436 437 475 476 477
35 36 37 38 76 77 78 116 117 118 156 157 158 196 197 198 236 238 276 277 278 316 317 318 356 357 358 396 397 398 436 437 438 476 477 478
35 37 38 39 77 78 79 117 118 119 157 158 159 197 198 199 237 239 277 278 279 317 318 319 357 358 359 397 398 399 437 438 439 477 478 479
35 38 39 40 78 79 80 118 119 120 158 159 160 198 199 200 238 240 278 279 280 318 319 320 358 359 360 398 399 400 438 439 440 478 479 480
36 1 39 40 41 79 80 81 119 120 121 159 160 161 199 200 201 239 241 279 280 281 319 320 321 359 360 361 399 400 401 439 440 441 479 480 481
37 1 2 40 41 42 80 81 82 120 121 122 160 161 162 200 201 202 240 242 280 281 282 320 321 322 360 361 362 400 401 402 440 441 442 480 481 482
38 1 2 3 41 42 43 81 82 83 121 122 123 161 162 163 201 202 203 241 243 281 282 283 321 322 323 361 362 363 401 402 403 441 442 443 481 482 483
38 2 3 4 42 43 44 82 83 84 122 123 124 162 163 164 202 203 204 242 244 282 283 284 322 323 324 362 363 364 402 403 404 442 443 444 482 483 484
38 3 4 5 43 44 45 83 84 85 123 124 125 163 164 165 203 204 205 243 245 283 284 285 323 324 325 363 364 365 403 404 405 443 444 445 483 484 485
38 4 5 6 44 45 46 84 85 86 124 125 126 164 165 166 204 205 206 244 246 284 285 286 324 325 326 364 365 366 404 405 406 444 445 446 484 485 486
38 5 6 7 45 46 47 85 86 87 125 126 127 165 166 167 205 206 207 245 247 285 286 287 325 326 327 365 366 367 405 406 407 445 446 447 485 486 487
38 6 7 8 46 47 48 86 87 88 126 127 128 166 167 168 206 207 208 246 248 286 287 288 326 327 328 366 367 368 406 407 408 446 447 448 486 487 488
38 7 8 9 47 48 49 87 88 89 127 128 129 167 168 169 207 208 209 247 249 287 288 289 327 328 329 367 368 369 407 408 409 447 448 449 487 488 489
38 8 9 10 48 49 50 88 89 90 128 129 130 168 169 170 208 209 210 248 250 288 289 290 328 329 330 368 369 370 408 409 410 448 449 450 488 489 490
38 9 10 11 49 50 51 89 90 91 129 130 131 169 170 171 209 210 211 249 251 289 290 291 329 330 331 369 370 371 409 410 411 449 450 451 489 490 491
38 10 11 12 50 51 52 90 91 92 130 131 132 170 171 172 210 211 212 250 252 290 291 292 330 331 332 370 371 372 410 411 412 450 451 452 490 491 492
38 11 12 13 51 52 53 91 92 93 131 132 133 171 172 173 211 212 213 251 253 291 292 293 331 332 333 371 372 373 411 412 413 451 452 453 491 492 493
38 12 13 14 52 53 54 92 93 94 132 133 134 172 173 174 212 213 214 252 254 292 293 294 332 333 334 372 373 374 412 413 414 452 453 454 492 493 494
38 13 14 15 53 54 55 93 94 95 133 134 135 173 174 175 213 214 215 253 255 293 294 295 333 334 335 373 374 375 413 414 415 453 454 455 493 494 495
38 14 15 16 54 55 56 94 95 96 134 135 136 174 175 176 214 215 216 254 256 294 295 296 334 335 336 374 375 376 414 415 416 454 455 456 494 495 496
38 15 16 17 55 56 57 95 96 97 135 136 137 175 176 177 215 216 217 255 257 295 296 297 335 336 337 375 376 377 415 416 417 455 456 457 495 496 497
38 16 17 18 56 57 58 96 97 98 136 137 138 176 177 178 216 217 218 256 258 296 297 298 336 337 338 376 377 378 416 417 418 456 457 458 496 497 498
38 17 18 19 57 58 59 97 98 99 137 138 139 177 178 179 217 218 219 257 259 297 298 299 337 338 339 377 378 379 417 418 419 457 458 459 497 498 499
38 18 19 20 58 59 60 98 99 100 138 139 140 178 179 180 218 219 220 258 260 298 299 300 338 339 340 378 379 380 418 419 420 458 459 460 498 499 500
37 19 20 21 59 60 61 99 100 101 139 140 141 179 180 181 219 220 221 259 261 299 300 301 339 340 341 379 380 381 419 420 421 459 460 461 499 500
36 20 21 22 60 61 62 100 101 102 140 141 142 180 181 182 220 221 222 260 262 300 301 302 340 341 342 380 381 382 420 421 422 460 461 462 500
35 21 22 23 61 62 63 101 102 103 141 142 143 181 182 183 221 222 223 261 263 301 302 303 341 342 343 381 382 383 421 422 423 461 462 463
35 22 23 24 62 63 64 102 103 104 142 143 144 182 183 184 222 223 224 262 264 302 303 304 342 343 344 382 383 384 422 423 424 462 463 464
35 23 24 25 63 64 65 103 104 105 143 144 145 183 184 185 223 224 225 263 265 303 304 305 343 344 345 383 384 385 423 424 425 463 464 465
35 24 25 26 64 65 66 104 105 106 144 145 146 184 185 186 224 225 226 264 266 304 305 306 344 345 346 384 385 386 424 425 426 464 465 466
35 25 26 27 65 66 67 105 106 107 145 146 147 185 186 187 225 226 227 265 267 305 306 307 345 346 347 385 386 387 425 426 427 465 466 467
35 26 27 28 66 67 68 106 107 108 146 147 148 186 187 188 226 227 228 266 268 306 307 308 346 347 348 386 387 388 426 427 428 466 467 468
35 27 28 29 67 68 69 107 108 109 147 148 149 187 188 189 227 228 229 267 269 307 308 309 347 348 349 387 388 389 427 428 429 467 468 469
35 28 29 30 68 69 70 108 109 110 148 149 150 188 189 190 228 229 230 268 270 308 309 310 348 349 350 388 389 390 428 429 430 468 469 470
35 29 30 31 69 70 71 109 110 111 149 150 151 189 190 191 229 230 231 269 271 309 310 311 349 350 351 389 390 391 429 430 431 469 470 471
35 30 31 32 70 71 72 110 111 112 150 151 152 190 191 192 230 231 232 270 272 310 311 312 350 351 352 390 391 392 430 431 432 470 471 472
35 31 32 33 71 72 73 111 112 113 151 152 153 191 192 193 231 232 233 271 273 311 312 313 351 352 353 391 392 393 431 432 433 471 472 473
35 32 33 34 72 73 74 112 113 114 152 153 154 192 193 194 232 233 234 272 274 312 313 314 352 353 354 392 393 394 432 433 434 472 473 474
35 33 34 35 73 74 75 113 114 115 153 154 155 193 194 195 233 234 235 273 275 313 314 315 353 354 355 393 394 395 433 434 435 473 474 475
35 34 35 36 74 75 76 114 115 116 154 155 156 194 195 196 234 235 236 274 276 314 315 316 354 355 356 394 395 396 434 435 436 474 475 476
35 35 36 37 75 76 77 115 116 117 155 156 157 195 196 197 235 236 237 275 277 315 316 317 355 356 357 395 396 397 435 436 437 475 476 477
35 36 37 38 76 77 78 116 117 118 156 157 158 196 197 198 236 237 238 276 278 316 317 318 356 357 358 396 397 398 436 437 438 476 477 478
35 37 38 39 77 78 79 117 118 119 157 158 159 197 198 199 237 238 239 277 279 317 318 319 357 358 359 397 398 399 437 438 439 477 478 479
35 38 39 40 78 79 80 118 119 120 158 159 160 198 199 200 238 239 240 278 280 318 319 320 358 359 360 398 399 400 438 439 440 478 479 480
36 1 39 40 41 79 80 81 119 120 121 159 160 161 199 200 201 239 240 241 279 281 319 320 321 359 360 361 399 400 401 439 440 441 479 480 481
37 1 2 40 41 42 80 81 82 120 121 122 160 161 162 200 201 202 240 241 242 280 282 320 321 322 360 361 362 400 401 402 440 441 442 480 481 482
38 1 2 3 41 42 43 81 82 83 121 122 123 161 162 163 201 202 203 241 242 243 281 283 321 322 323 361 362 363 401 402 403 441 442 443 481 482 483
38 2 3 4 42 43 44 82 83 84 122 123 124 162 163 164 202 203 204 242 243 244 282 284 322 323 324 362 363 364 402 403 404 442 443 444 482 483 484
38 3 4 5 43 44 45 83 84 85 123 124 125 163 164 165 203 204 205 243 244 245 283 285 323 324 325 363 364 365 403 404 405 443 444 445 483 484 485
38 4 5 6 44 45 46 84 85 86 124 125 126 164 165 166 204 205 206 244 245 246 284 286 324 325 326 364 365 366 404 405 406 444 445 446 484 485 486
38 5 6 7 45 46 47 85 86 87 125 126 127 165 166 167 205 206 207 245 246 247 285 287 325 326 327 365 366 367 405 406 407 445 446 447 485 486 487
38 6 7 8 46 47 48 86 87 88 126 127 128 166 167 168 206 207 208 246 247 248 286 288 326 327 328 366 367 368 406 407 408 446 447 448 486 487 488
38 7 8 9 47 48 49 87 88 89 127 128 129 167 168 169 207 208 209 247 248 249 287 289 327 328 329 367 368 369 407 408 409 447 448 449 487 488 489
38 8 9 10 48 49 50 88 89 90 128 129 130 168 169 170 208 209 210 248 249 250 288 290 328 329 330 368 369 370 408 409 410 448 449 450 488 489 490
38 9 10 11 49 50 51 89 90 91 129 130 131 169 170 171 209 210 211 249 250 251 289 291 329 330 331 369 370 371 409 410 411 449 450 451 489 490 491
38 10 11 12 50 51 52 90 91 92 130 131 132 170 171 172 210 211 212 250 251 252 290 292 330 331 332 370 371 372 410 411 412 450 451 452 490 491 492
38 11 12 13 51 52 53 91 92 93 131 132 133 171 172 173 211 212 213 251 252 253 291 293 331 332 333 371 372 373 411 412 413 451 452 453 491 492 493
38 12 13 14 52 53 54 92 93 94 132 133 134 172 173 174 212 213 214 252 253 254 292 294 332 333 334 372 373 374 412 413 414 452 453 454 492 493 494
38 13 14 15 53 54 55 93 94 95 133 134 135 173 174 175 213 214 215 253 254 255 293 295 333 334 335 373 374 375 413 414 415 453 454 455 493 494 495
38 14 15 16 54 55 56 94 95 96 134 135 136 174 175 176 214 215 216 254 255 256 294 296 334 335 336 374 375 376 414 415 416 454 455 456 494 495 496
38 15 16 17 55 56 57 95 96 97 135 136 137 175 176 177 215 216 217 255 256 257 295 297 335 336 337 375 376 377 415 416 417 455 456 457 495 496 497
38 16 17 18 56 57 58 96 97 98 136 137 138 176 177 178 216 217 218 256 257 258 296 298 336 337 338 376 377 378 416 417 418 456 457 458 496 497 498
38 17 18 19 57 58 59 97 98 99 137 138 139 177 178 179 217 218 219 257 258 259 297 299 337 338 339 377 378 379 417 418 419 457 458 459 497 498 499
38 18 19 20 58 59 60 98 99 100 138 139 140 178 179 180 218 219 220 258 259 260 298 300 338 339 340 378 379 380 418 419 420 458 459 460 498 499 500
37 19 20 21 59 60 61 99 100 101 139 140 141 179 180 181 219 220 221 259 260 261 299 301 339 340 341 379 380 381 419 420 421 459 460 461 499 500
36 20 21 22 60 61 62 100 101 102 140 141 142 180 181 182 220 221 222 260 261 262 300 302 340 341 342 380 381 382 420 421 422 460 461 462 500
35 21 22 23 61 62 63 101 102 103 141 142 143 181 182 183 221 222 223 261 262 263 301 303 341 342 343 381 382 383 421 422 423 461 462 463
35 22 23 24 62 63 64 102 103 104 142 143 144 182 183 184 222 223 224 262 263 264 302 304 342 343 344 382 383 384 422 423 424 462 463 464
35 23 24 25 63 64 65 103 104 105 143 144 145 183 184 185 223 224 225 263 264 265 303 305 343 344 345 383 384 385 423 424 425 463 464 465
35 24 25 26 64 65 66 104 105 106 144 145 146 184 185 186 224 225 226 264 265 266 304 306 344 345 346 384 385 386 424 425 426 464 465 466
35 25 26 27 65 66 67 105 106 107 145 146 147 185 186 187 225 226 227 265 266 267 305 307 345 346 347 385 386 387 425 426 427 465 466 467
35 26 27 28 66 67 68 106 107 108 146 147 148 186 187 188 226 227 228 266 267 268 306 308 346 347 348 386 387 388 426 427 428 466 467 468
35 27 28 29 67 68 69 107 108 109 147 148 149 187 188 189 227 228 229 267 268 269 307 309 347 348 349 387 388 389 427 428 429 467 468 469
35 28 29 30 68 69 70 108 109 110 148 149 150 188 189 190 228 229 230 268 269 270 308 310 348 349 350 388 389 390 428 429 430 468 469 470
35 29 30 31 69 70 71 109 110 111 149 150 151 189 190 191 229 230 231 269 270 271 309 311 349 350 351 389 390 391 429 430 431 469 470 471
35 30 31 32 70 71 72 110 111 112 150 151 152 190 191 192 230 231 232 270 271 272 310 312 350 351 352 390 391 392 430 431 432 470 471 472
35 31 32 33 71 72 73 111 112 113 151 152 153 191 192 193 231 232 233 271 272 273 311 313 351 352 353 391 392 393 431 432 433 471 472 473
35 32 33 34 72 73 74 112 113 114 152 153 154 192 193 194 232 233 234 272 273 274 312 314 352 353 354 392 393 394 432 433 434 472 473 474
35 33 34 35 73 74 75 113 114 115 153 154 155 193 194 195 233 234 235 273 274 275 313 315 353 354 355 393 394 395 433 434 435 473 474 475
35 34 35 36 74 75 76 114 115 116 154 155 156 194 195 196 234 235 236 274 275 276 314 316 354 355 356 394 395 396 434 435 436 474 475 476
35 35 36 37 75 76 77 115 116 117 155 156 157 195 196 197 235 236 237 275 276 277 315 317 355 356 357 395 396 397 435 436 437 475 476 477
35 36 37 38 76 77 78 116 117 118 156 157 158 196 197 198 236 237 238 276 277 278 316 318 356 357 358 396 397 398 436 437 438 476 477 478
35 37 38 39 77 78 79 117 118 119 157 158 159 197 198 199 237 238 239 277 278 279 317 319 357 358 359 397 398 399 437 438 439 477 478 479
35 38 39 40 78 79 80 118 119 120 158 159 160 198 199 200 238 239 240 278 279 280 318 320 358 359 360 398 399 400 438 439 440 478 479 480
36 1 39 40 41 79 80 81 119 120 121 159 160 161 199 200 201 239 240 241 279 280 281 319 321 359 360 361 399 400 401 439 440 441 479 480 481
37 1 2 40 41 42 80 81 82 120 121 122 160 161 162 200 201 202 240 241 242 280 281 282 320 322 360 361 362 400 401 402 440 441 442 480 481 482
38 1 2 3 41 42 43 81 82 83 121 122 123 161 162 163 201 202 203 241 242 243 281 282 283 321 323 361 362 363 401 402 403 441 442 443 481 482 483
38 2 3 4 42 43 44 82 83 84 122 123 124 162 163 164 202 203 204 242 243 244 282 283 284 322 324 362 363 364 402 403 404 442 443 444 482 483 484
38 3 4 5 43 44 45 83 84 85 123 124 125 163 164 165 203 204 205 243 244 245 283 284 285 323 325 363 364 365 403 404 405 443 444 445 483 484 485
38 4 5 6 44 45 46 84 85 86 124 125 126 164 165 166 204 205 206 244 245 246 284 285 286 324 326 364 365 366 404 405 406 444 445 446 484 485 486
38 5 6 7 45 46 47 85 86 87 125 126 127 165 166 167 205 206 207 245 246 247 285 286 287 325 327 365 366 367 405 406 407 445 446 447 485 486 487
38 6 7 8 46 47 48 86 87 88 126 127 128 166 167 168 206 207 208 246 247 248 286 287 288 326 328 366 367 368 406 407 408 446 447 448 486 487 488
38 7 8 9 47 48 49 87 88 89 127 128 129 167 168 169 207 208 209 247 248 249 287 288 289 327 329 367 368 369 407 408 409 447 448 449 487 488 489
38 8 9 10 48 49 50 88 89 90 128 129 130 168 169 170 208 209 210 248 249 250 288 289 290 328 330 368 369 370 408 409 410 448 449 450 488 489 490
38 9 10 11 49 50 51 89 90 91 129 130 131 169 170 171 209 210 211 249 250 251 289 290 291 329 331 369 370 371 409 410 411 449 450 451 489 490 491
38 10 11 12 50 51 52 90 91 92 130 131 132 170 171 172 210 211 212 250 251 252 290 291 292 330 332 370 371 372 410 411 412 450 451 452 490 491 492
38 11 12 13 51 52 53 91 92 93 131 132 133 171 172 173 211 212 213 251 252 253 291 292 293 331 333 371 372 373 411 412 413 451 452 453 491 492 493
38 12 13 14 52 53 54 92 93 94 132 133 134 172 173 174 212 213 214 252 253 254 292 293 294 332 334 372 373 374 412 413 414 452 453 454 492 493 494
38 13 14 15 53 54 55 93 94 95 133 134 135 173 174 175 213 214 215 253 254 255 293 294 295 333 335 373 374 375 413 414 415 453 454 455 493 494 495
38 14 15 16 54 55 56 94 95 96 134 135 136 174 175 176 214 215 216 254 255 256 294 295 296 334 336 374 375 376 414 415 416 454 455 456 494 495 496
38 15 16 17 55 56 57 95 96 97 135 136 137 175 176 177 215 216 217 255 256 257 295 296 297 335 337 375 376 377 415 416 417 455 456 457 495 496 497
38 16 17 18 56 57 58 96 97 98 136 137 138 176 177 178 216 217 218 256 257 258 296 297 298 336 338 376 377 378 416 417 418 456 457 458 496 497 498
38 17 18 19 57 58 59 97 98 99 137 138 139 177 178 179 217 218 219 257 258 259 297 298 299 337 339 377 378 379 417 418 419 457 458 459 497 498 499
38 18 19 20 58 59 60 98 99 100 138 139 140 178 179 180 218 219 220 258 259 260 298 299 300 338 340 378 379 380 418 419 420 458 459 460 498 499 500
37 19 20 21 59 60 61 99 100 101 139 140 141 179 180 181 219 220 221 259 260 261 299 300 301 339 341 379 380 381 419 420 421 459 460 461 499 500
36 20 21 22 60 61 62 100 101 102 140 141 142 180 181 182 220 221 222 260 261 262 300 301 302 340 342 380 381 382 420 421 422 460 461 462 500
35 21 22 23 61 62 63 101 102 103 141 142 143 181 182 183 221 222 223 261 262 263 301 302 303 341 343 381 382 383 421 422 423 461 462 463
35 22 23 24 62 63 64 102 103 104 142 143 144 182 183 184 222 223 224 262 263 264 302 303 304 342 344 382 383 384 422 423 424 462 463 464
35 23 24 25 63 64 65 103 104 105 143 144 145 183 184 185 223 224 225 263 264 265 303 304 305 343 345 383 384 385 423 424 425 463 464 465
35 24 25 26 64 65 66 104 105 106 144 145 146 184 185 186 224 225 226 264 265 266 304 305 306 344 346 384 385 386 424 425 426 464 465 466
35 25 26 27 65 66 67 105 106 107 145 146 147 185 186 187 225 226 227 265 266 267 305 306 307 345 347 385 386 387 425 426 427 465 466 467
35 26 27 28 66 67 68 106 107 108 146 147 148 186 187 188 226 227 228 266 267 268 306 307 308 346 348 386 387 388 426 427 428 466 467 468
35 27 28 29 67 68 69 107 108 109 147 148 149 187 188 189 227 228 229 267 268 269 307 308 309 347 349 387 388 389 427 428 429 467 468 469
35 28 29 30 68 69 70 108 109 110 148 149 150 188 189 190 228 229 230 268 269 270 308 309 310 348 350 388 389 390 428 429 430 468 469 470
35 29 30 31 69 70 71 109 110 111 149 150 151 189 190 191 229 230 231 269 270 271 309 310 311 349 351 389 390 391 429 430 431 469 470 471
35 30 31 32 70 71 72 110 111 112 150 151 152 190 191 192 230 231 232 270 271 272 310 311 312 350 352 390 391 392 430 431 432 470 471 472
35 31 32 33 71 72 73 111 112 113 151 152 153 191 192 193 231 232 233 271 272 273 311 312 313 351 353 391 392 393 431 432 433 471 472 473
35 32 33 34 72 73 74 112 113 114 152 153 154 192 193 194 232 233 234 272 273 274 312 313 314 352 354 392 393 394 432 433 434 472 473 474
35 33 34 35 73 74 75 113 114 115 153 154 155 193 194 195 233 234 235 273 274 275 313 314 315 353 355 393 394 395 433 434 435 473 474 475
35 34 35 36 74 75 76 114 115 116 154 155 156 194 195 196 234 235 236 274 275 276 314 315 316 354 356 394 395 396 434 435 436 474 475 476
35 35 36 37 75 76 77 115 116 117 155 156 157 195 196 197 235 236 237 275 276 277 315 316 317 355 357 395 396 397 435 436 437 475 476 477
35 36 37 38 76 77 78 116 117 118 156 157 158 196 197 198 236 237 238 276 277 278 316 317 318 356 358 396 397 398 436 437 438 476 477 478
35 37 38 39 77 78 79 117 118 119 157 158 159 197 198 199 237 238 239 277 278 279 317 318 319 357 359 397 398 399 437 438 439 477 478 479
35 38 39 40 78 79 80 118 119 120 158 159 160 198 199 200 238 239 240 278 279 280 318 319 320 358 360 398 399 400 438 439 440 478 479 480
36 1 39 40 41 79 80 81 119 120 121 159 160 161 199 200 201 239 240 241 279 280 281 319 320 321 359 361 399 400 401 439 440 441 479 480 481
37 1 2 40 41 42 80 81 82 120 121 122 160 161 162 200 201 202 240 241 242 280 281 282 320 321 322 360 362 400 401 402 440 441 442 480 481 482
38 1 2 3 41 42 43 81 82 83 121 122 123 161 162 163 201 202 203 241 242 243 281 282 283 321 322 323 361 363 401 402 403 441 442 443 481 482 483
38 2 3 4 42 43 44 82 83 84 122 123 124 162 163 164 202 203 204 242 243 244 282 283 284 322 323 324 362 364 402 403 404 442 443 444 482 483 484
38 3 4 5 43 44 45 83 84 85 123 124 125 163 164 165 203 204 205 243 244 245 283 284 285 323 324 325 363 365 403 404 405 443 444 445 483 484 485
38 4 5 6 44 45 46 84 85 86 124 125 126 164 165 166 204 205 206 244 245 246 284 285 286 324 325 326 364 366 404 405 406 444 445 446 484 485 486
38 5 6 7 45 46 47 85 86 87 125 126 127 165 166 167 205 206 207 245 246 247 285 286 287 325 326 327 365 367 405 406 407 445 446 447 485 486 487
38 6 7 8 46 47 48 86 87 88 126 127 128 166 167 168 206 207 208 246 247 248 286 287 288 326 327 328 366 368 406 407 408 446 447 448 486 487 488
38 7 8 9 47 48 49 87 88 89 127 128 129 167 168 169 207 208 209 247 248 249 287 288 289 327 328 329 367 369 407 408 409 447 448 449 487 488 489
38 8 9 10 48 49 50 88 89 90 128 129 130 168 169 170 208 209 210 248 249 250 288 289 290 328 329 330 368 370 408 409 410 448 449 450 488 489 490
38 9 10 11 49 50 51 89 90 91 129 130 131 169 170 171 209 210 211 249 250 251 289 290 291 329 330 331 369 371 409 410 411 449 450 451 489 490 491
38 10 11 12 50 51 52 90 91 92 130 131 132 170 171 172 210 211 212 250 251 252 290 291 292 330 331 332 370 372 410 411 412 450 451 452 490 491 492
38 11 12 13 51 52 53 91 92 93 131 132 133 171 172 173 211 212 213 251 252 253 291 292 293 331 332 333 371 373 411 412 413 451 452 453 491 492 493
38 12 13 14 52 53 54 92 93 94 132 133 134 172 173 174 212 213 214 252 253 254 292 293 294 332 333 334 372 374 412 413 414 452 453 454 492 493 494
38 13 14 15 53 54 55 93 94 95 133 134 135 173 174 175 213 214 215 253 254 255 293 294 295 333 334 335 373 375 413 414 415 453 454 455 493 494 495
38 14 15 16 54 55 56 94 95 96 134 135 136 174 175 176 214 215 216 254 255 256 294 295 296 334 335 336 374 376 414 415 416 454 455 456 494 495 496
38 15 16 17 55 56 57 95 96 97 135 136 137 175 176 177 215 216 217 255 256 257 295 296 297 335 336 337 375 377 415 416 417 455 456 457 495 496 497
38 16 17 18 56 57 58 96 97 98 136 137 138 176 177 178 216 217 218 256 257 258 296 297 298 336 337 338 376 378 416 417 418 456 457 458 496 497 498
38 17 18 19 57 58 59 97 98 99 137 138 139 177 178 179 217 218 219 257 258 259 297 298 299 337 338 339 377 379 417 418 419 457 458 459 497 498 499
38 18 19 20 58 59 60 98 99 100 138 139 140 178 179 180 218 219 220 258 259 260 298 299 300 338 339 340 378 380 418 419 420 458 459 460 498 499 500
37 19 20 21 59 60 61 99 100 101 139 140 141 179 180 181 219 220 221 259 260 261 299 300 301 339 340 341 379 381 419 420 421 459 460 461 499 500
36 20 21 22 60 61 62 100 101 102 140 141 142 180 181 182 220 221 222 260 261 262 300 301 302 340 341 342 380 382 420 421 422 460 461 462 500
35 21 22 23 61 62 63 101 102 103 141 142 143 181 182 183 221 222 223 261 262 263 301 302 303 341 342 343 381 383 421 422 423 461 462 463
35 22 23 24 62 63 64 102 103 104 142 143 144 182 183 184 222 223 224 262 263 264 302 303 304 342 343 344 382 384 422 423 424 462 463 464
35 23 24 25 63 64 65 103 104 105 143 144 145 183 184 185 223 224 225 263 264 265 303 304 305 343 344 345 383 385 423 424 425 463 464 465
35 24 25 26 64 65 66 104 105 106 144 145 146 184 185 186 224 225 226 264 265 266 304 305 306 344 345 346 384 386 424 425 426 464 465 466
35 25 26 27 65 66 67 105 106 107 145 146 147 185 186 187 225 226 227 265 266 267 305 306 307 345 346 347 385 387 425 426 427 465 466 467
35 26 27 28 66 67 68 106 107 108 146 147 148 186 187 188 226 227 228 266 267 268 306 307 308 346 347 348 386 388 426 427 428 466 467 468
35 27 28 29 67 68 69 107 108 109 147 148 149 187 188 189 227 228 229 267 268 269 307 308 309 347 348 349 387 389 427 428 429 467 468 469
35 28 29 30 68 69 70 108 109 110 148 149 150 188 189 190 228 229 230 268 269 270 308 309 310 348 349 350 388 390 428 429 430 468 469 470
35 29 30 31 69 70 71 109 110 111 149 150 151 189 190 191 229 230 231 269 270 271 309 310 311 349 350 351 389 391 429 430 431 469 470 471
35 30 31 32 70 71 72 110 111 112 150 151 152 190 191 192 230 231 232 270 271 272 310 311 312 350 351 352 390 392 430 431 432 470 471 472
35 31 32 33 71 72 73 111 112 113 151 152 153 191 192 193 231 232 233 271 272 273 311 312 313 351 352 353 391 393 431 432 433 471 472 473
35 32 33 34 72 73 74 112 113 114 152 153 154 192 193 194 232 233 234 272 273 274 312 313 314 352 353 354 392 394 432 433 434 472 473 474
35 33 34 35 73 74 75 113 114 115 153 154 155 193 194 195 233 234 235 273 274 275 313 314 315 353 354 355 393 395 433 434 435 473 474 475
35 34 35 36 74 75 76 114 115 116 154 155 156 194 195 196 234 235 236 274 275 276 314 315 316 354 355 356 394 396 434 435 436 474 475 476
35 35 36 37 75 76 77 115 116 117 155 156 157 195 196 197 235 236 237 275 276 277 315 316 317 355 356 357 395 397 435 436 437 475 476 477
35 36 37 38 76 77 78 116 117 118 156 157 158 196 197 198 236 237 238 276 277 278 316 317 318 356 357 358 396 398 436 437 438 476 477 478
35 37 38 39 77 78 79 117 118 119 157 158 159 197 198 199 237 238 239 277 278 279 317 318 319 357 358 359 397 399 437 438 439 477 478 479
35 38 39 40 78 79 80 118 119 120 158 159 160 198 199 200 238 239 240 278 279 280 318 319 320 358 359 360 398 400 438 439 440 478 479 480
36 1 39 40 41 79 80 81 119 120 121 159 160 161 199 200 201 239 240 241 279 280 281 319 320 321 359 360 361 399 401 439 440 441 479 480 481
37 1 2 40 41 42 80 81 82 120 121 122 160 161 162 200 201 202 240 241 242 280 281 282 320 321 322 360 361 362 400 402 440 441 442 480 481 482
38 1 2 3 41 42 43 81 82 83 121 122 123 161 162 163 201 202 203 241 242 243 281 282 283 321 322 323 361 362 363 401 403 441 442 443 481 482 483
38 2 3 4 42 43 44 82 83 84 122 123 124 162 163 164 202 203 204 242 243 244 282 283 284 322 323 324 362 363 364 402 404 442 443 444 482 483 484
38 3 4 5 43 44 45 83 84 85 123 124 125 163 164 165 203 204 205 243 244 245 283 284 285 323 324 325 363 364 365 403 405 443 444 445 483 484 485
38 4 5 6 44 45 46 84 85 86 124 125 126 164 165 166 204 205 206 244 245 246 284 285 286 324 325 326 364 365 366 404 406 444 445 446 484 485 486
38 5 6 7 45 46 47 85 86 87 125 126 127 165 166 167 205 206 207 245 246 247 285 286 287 325 326 327 365 366 367 405 407 445 446 447 485 486 487
38 6 7 8 46 47 48 86 87 88 126 127 128 166 167 168 206 207 208 246 247 248 286 287 288 326 327 328 366 367 368 406 408 446 447 448 486 487 488
38 7 8 9 47 48 49 87 88 89 127 128 129 167 168 169 207 208 209 247 248 249 287 288 289 327 328 329 367 368 369 407 409 447 448 449 487 488 489
38 8 9 10 48 49 50 88 89 90 128 129 130 168 169 170 208 209 210 248 249 250 288 289 290 328 329 330 368 369 370 408 410 448 449 450 488 489 490
38 9 10 11 49 50 51 89 90 91 129 130 131 169 170 171 209 210 211 249 250 251 289 290 291 329 330 331 369 370 371 409 411 449 450 451 489 490 491
38 10 11 12 50 51 52 90 91 92 130 131 132 170 171 172 210 211 212 250 251 252 290 291 292 330 331 332 370 371 372 410 412 450 451 452 490 491 492
38 11 12 13 51 52 53 91 92 93 131 132 133 171 172 173 211 212 213 251 252 253 291 292 293 331 332 333 371 372 373 411 413 451 452 453 491 492 493
38 12 13 14 52 53 54 92 93 94 132 133 134 172 173 174 212 213 214 252 253 254 292 293 294 332 333 334 372 373 374 412 414 452 453 454 492 493 494
38 13 14 15 53 54 55 93 94 95 133 134 135 173 174 175 213 214 215 253 254 255 293 294 295 333 334 335 373 374 375 413 415 453 454 455 493 494 495
38 14 15 16 54 55 56 94 95 96 134 135 136 174 175 176 214 215 216 254 255 256 294 295 296 334 335 336 374 375 376 414 416 454 455 456 494 495 496
38 15 16 17 55 56 57 95 96 97 135 136 137 175 176 177 215 216 217 255 256 257 295 296 297 335 336 337 375 376 377 415 417 455 456 457 495 496 497
38 16 17 18 56 57 58 96 97 98 136 137 138 176 177 178 216 217 218 256 257 258 296 297 298 336 337 338 376 377 378 416 418 456 457 458 496 497 498
38 17 18 19 57 58 59 97 98 99 137 138 139 177 178 179 217 218 219 257 258 259 297 298 299 337 338 339 377 378 379 417 419 457 458 459 497 498 499
38 18 19 20 58 59 60 98 99 100 138 139 140 178 179 180 218 219 220 258 259 260 298 299 300 338 339 340 378 379 380 418 420 458 459 460 498 499 500
37 19 20 21 59 60 61 99 100 101 139 140 141 179 180 181 219 220 221 259 260 261 299 300 301 339 340 341 379 380 381 419 421 459 460 461 499 500
36 20 21 22 60 61 62 100 101 102 140 141 142 180 181 182 220 221 222 260 261 262 300 301 302 340 341 342 380 381 382 420 422 460 461 462 500
35 21 22 23 61 62 63 101 102 103 141 142 143 181 182 183 221 222 223 261 262 263 301 302 303 341 342 343 381 382 383 421 423 461 462 463
35 22 23 24 62 63 64 102 103 104 142 143 144 182 183 184 222 223 224 262 263 264 302 303 304 342 343 344 382 383 384 422 424 462 463 464
35 23 24 25 63 64 65 103 104 105 143 144 145 183 184 185 223 224 225 263 264 265 303 304 305 343 344 345 383 384 385 423 425 463 464 465
35 24 25 26 64 65 66 104 105 106 144 145 146 184 185 186 224 225 226 264 265 266 304 305 306 344 345 346 384 385 386 424 426 464 465 466
35 25 26 27 65 66 67 105 106 107 145 146 147 185 186 187 225 226 227 265 266 267 305 306 307 345 346 347 385 386 387 425 427 465 466 467
35 26 27 28 66 67 68 106 107 108 146 147 148 186 187 188 226 227 228 266 267 268 306 307 308 346 347 348 386 387 388 426 428 466 467 468
35 27 28 29 67 68 69 107 108 109 147 148 149 187 188 189 227 228 229 267 268 269 307 308 309 347 348 349 387 388 389 427 429 467 468 469
35 28 29 30 68 69 70 108 109 110 148 149 150 188 189 190 228 229 230 268 269 270 308 309 310 348 349 350 388 389 390 428 430 468 469 470
35 29 30 31 69 70 71 109 110 111 149 150 151 189 190 191 229 230 231 269 270 271 309 310 311 349 350 351 389 390 391 429 431 469 470 471
35 30 31 32 70 71 72 110 111 112 150 151 152 190 191 192 230 231 232 270 271 272 310 311 312 350 351 352 390 391 392 430 432 470 471 472
35 31 32 33 71 72 73 111 112 113 151 152 153 191 192 193 231 232 233 271 272 273 311 312 313 351 352 353 391 392 393 431 433 471 472 473
35 32 33 34 72 73 74 112 113 114 152 153 154 192 193 194 232 233 234 272 273 274 312 313 314 352 353 354 392 393 394 432 434 472 473 474
35 33 34 35 73 74 75 113 114 115 153 154 155 193 194 195 233 234 235 273 274 275 313 314 315 353 354 355 393 394 395 433 435 473 474 475
35 34 35 36 74 75 76 114 115 116 154 155 156 194 195 196 234 235 236 274 275 276 314 315 316 354 355 356 394 395 396 434 436 474 475 476
35 35 36 37 75 76 77 115 116 117 155 156 157 195 196 197 235 236 237 275 276 277 315 316 317 355 356 357 395 396 397 435 437 475 476 477
35 36 37 38 76 77 78 116 117 118 156 157 158 196 197 198 236 237 238 276 277 278 316 317 318 356 357 358 396 397 398 436 438 476 477 478
35 37 38 39 77 78 79 117 118 119 157 158 159 197 198 199 237 238 239 277 278 279 317 318 319 357 358 359 397 398 399 437 439 477 478 479
35 38 39 40 78 79 80 118 119 120 158 159 160 198 199 200 238 239 240 278 279 280 318 319 320 358 359 360 398 399 400 438 440 478 479 480
36 1 39 40 41 79 80 81 119 120 121 159 160 161 199 200 201 239 240 241 279 280 281 319 320 321 359 360 361 399 400 401 439 441 479 480 481
37 1 2 40 41 42 80 81 82 120 121 122 160 161 162 200 201 202 240 241 242 280 281 282 320 321 322 360 361 362 400 401 402 440 442 480 481 482
38 1 2 3 41 42 43 81 82 83 121 122 123 161 162 163 201 202 203 241 242 243 281 282 283 321 322 323 361 362 363 401 402 403 441 443 481 482 483
38 2 3 4 42 43 44 82 83 84 122 123 124 162 163 164 202 203 204 242 243 244 282 283 284 322 323 324 362 363 364 402 403 404 442 444 482 483 484
38 3 4 5 43 44 45 83 84 85 123 124 125 163 164 165 203 204 205 243 244 245 283 284 285 323 324 325 363 364 365 403 404 405 443 445 483 484 485
38 4 5 6 44 45 46 84 85 86 124 125 126 164 165 166 204 205 206 244 245 246 284 285 286 324 325 326 364 365 366 404 405 406 444 446 484 485 486
38 5 6 7 45 46 47 85 86 87 125 126 127 165 166 167 205 206 207 245 246 247 285 286 287 325 326 327 365 366 367 405 406 407 445 447 485 486 487
38 6 7 8 46 47 48 86 87 88 126 127 128 166 167 168 206 207 208 246 247 248 286 287 288 326 327 328 366 367 368 406 407 408 446 448 486 487 488
38 7 8 9 47 48 49 87 88 89 127 128 129 167 168 169 207 208 209 247 248 249 287 288 289 327 328 329 367 368 369 407 408 409 447 449 487 488 489
38 8 9 10 48 49 50 88 89 90 128 129 130 168 169 170 208 209 210 248 249 250 288 289 290 328 329 330 368 369 370 408 409 410 448 450 488 489 490
38 9 10 11 49 50 51 89 90 91 129 130 131 169 170 171 209 210 211 249 250 251 289 290 291 329 330 331 369 370 371 409 410 411 449 451 489 490 491
38 10 11 12 50 51 52 90 91 92 130 131 132 170 171 172 210 211 212 250 251 252 290 291 292 330 331 332 370 371 372 410 411 412 450 452 490 491 492
38 11 12 13 51 52 53 91 92 93 131 132 133 171 172 173 211 212 213 251 252 253 291 292 293 331 332 333 371 372 373 411 412 413 451 453 491 492 493
38 12 13 14 52 53 54 92 93 94 132 133 134 172 173 174 212 213 214 252 253 254 292 293 294 332 333 334 372 373 374 412 413 414 452 454 492 493 494
38 13 14 15 53 54 55 93 94 95 133 134 135 173 174 175 213 214 215 253 254 255 293 294 295 333 334 335 373 374 375 413 414 415 453 455 493 494 495
38 14 15 16 54 55 56 94 95 96 134 135 136 174 175 176 214 215 216 254 255 256 294 295 296 334 335 336 374 375 376 414 415 416 454 456 494 495 496
38 15 16 17 55 56 57 95 96 97 135 136 137 175 176 177 215 216 217 255 256 257 295 296 297 335 336 337 375 376 377 415 416 417 455 457 495 496 497
38 16 17 18 56 57 58 96 97 98 136 137 138 176 177 178 216 217 218 256 257 258 296 297 298 336 337 338 376 377 378 416 417 418 456 458 496 497 498
38 17 18 19 57 58 59 97 98 99 137 138 139 177 178 179 217 218 219 257 258 259 297 298 299 337 338 339 377 378 379 417 418 419 457 459 497 498 499
38 18 19 20 58 59 60 98 99 100 138 139 140 178 179 180 218 219 220 258 259 260 298 299 300 338 339 340 378 379 380 418 419 420 458 460 498 499 500
37 19 20 21 59 60 61 99 100 101 139 140 141 179 180 181 219 220 221 259 260 261 299 300 301 339 340 341 379 380 381 419 420 421 459 461 499 500
36 20 21 22 60 61 62 100 101 102 140 141 142 180 181 182 220 221 222 260 261 262 300 301 302 340 341 342 380 381 382 420 421 422 460 462 500
35 21 22 23 61 62 63 101 102 103 141 142 143 181 182 183 221 222 223 261 262 263 301 302 303 341 342 343 381 382 383 421 422 423 461 463
35 22 23 24 62 63 64 102 103 104 142 143 144 182 183 184 222 223 224 262 263 264 302 303 304 342 343 344 382 383 384 422 423 424 462 464
35 23 24 25 63 64 65 103 104 105 143 144 145 183 184 185 223 224 225 263 264 265 303 304 305 343 344 345 383 384 385 423 424 425 463 465
35 24 25 26 64 65 66 104 105 106 144 145 146 184 185 186 224 225 226 264 265 266 304 305 306 344 345 346 384 385 386 424 425 426 464 466
35 25 26 27 65 66 67 105 106 107 145 146 147 185 186 187 225 226 227 265 266 267 305 306 307 345 346 347 385 386 387 425 426 427 465 467
35 26 27 28 66 67 68 106 107 108 146 147 148 186 187 188 226 227 228 266 267 268 306 307 308 346 347 348 386 387 388 426 427 428 466 468
35 27 28 29 67 68 69 107 108 109 147 148 149 187 188 189 227 228 229 267 268 269 307 308 309 347 348 349 387 388 389 427 428 429 467 469
35 28 29 30 68 69 70 108 109 110 148 149 150 188 189 190 228 229 230 268 269 270 308 309 310 348 349 350 388 389 390 428 429 430 468 470
35 29 30 31 69 70 71 109 110 111 149 150 151 189 190 191 229 230 231 269 270 271 309 310 311 349 350 351 389 390 391 429 430 431 469 471
35 30 31 32 70 71 72 110 111 112 150 151 152 190 191 192 230 231 232 270 271 272 310 311 312 350 351 352 390 391 392 430 431 432 470 472
35 31 32 33 71 72 73 111 112 113 151 152 153 191 192 193 231 232 233 271 272 273 311 312 313 351 352 353 391 392 393 431 432 433 471 473
35 32 33 34 72 73 74 112 113 114 152 153 154 192 193 194 232 233 234 272 273 274 312 313 314 352 353 354 392 393 394 432 433 434 472 474
35 33 34 35 73 74 75 113 114 115 153 154 155 193 194 195 233 234 235 273 274 275 313 314 315 353 354 355 393 394 395 433 434 435 473 475
35 34 35 36 74 75 76 114 115 116 154 155 156 194 195 196 234 235 236 274 275 276 314 315 316 354 355 356 394 395 396 434 435 436 474 476
35 35 36 37 75 76 77 115 116 117 155 156 157 195 196 197 235 236 237 275 276 277 315 316 317 355 356 357 395 396 397 435 436 437 475 477
35 36 37 38 76 77 78 116 117 118 156 157 158 196 197 198 236 237 238 276 277 278 316 317 318 356 357 358 396 397 398 436 437 438 476 478
35 37 38 39 77 78 79 117 118 119 157 158 159 197 198 199 237 238 239 277 278 279 317 318 319 357 358 359 397 398 399 437 438 439 477 479
35 38 39 40 78 79 80 118 119 120 158 159 160 198 199 200 238 239 240 278 279 280 318 319 320 358 359 360 398 399 400 438 439 440 478 480
36 1 39 40 41 79 80 81 119 120 121 159 160 161 199 200 201 239 240 241 279 280 281 319 320 321 359 360 361 399 400 401 439 440 441 479 481
37 1 2 40 41 42 80 81 82 120 121 122 160 161 162 200 201 202 240 241 242 280 281 282 320 321 322 360 361 362 400 401 402 440 441 442 480 482
38 1 2 3 41 42 43 81 82 83 121 122 123 161 162 163 201 202 203 241 242 243 281 282 283 321 322 323 361 362 363 401 402 403 441 442 443 481 483
38 2 3 4 42 43 44 82 83 84 122 123 124 162 163 164 202 203 204 242 243 244 282 283 284 322 323 324 362 363 364 402 403 404 442 443 444 482 484
38 3 4 5 43 44 45 83 84 85 123 124 125 163 164 165 203 204 205 243 244 245 283 284 285 323 324 325 363 364 365 403 404 405 443 444 445 483 485
38 4 5 6 44 45 46 84 85 86 124 125 126 164 165 166 204 205 206 244 245 246 284 285 286 324 325 326 364 365 366 404 405 406 444 445 446 484 486
38 5 6 7 45 46 47 85 86 87 125 126 127 165 166 167 205 206 207 245 246 247 285 286 287 325 326 327 365 366 367 405 406 407 445 446 447 485 487
38 6 7 8 46 47 48 86 87 88 126 127 128 166 167 168 206 207 208 246 247 248 286 287 288 326 327 328 366 367 368 406 407 408 446 447 448 486 488
38 7 8 9 47 48 49 87 88 89 127 128 129 167 168 169 207 208 209 247 248 249 287 288 289 327 328 329 367 368 369 407 408 409 447 448 449 487 489
38 8 9 10 48 49 50 88 89 90 128 129 130 168 169 170 208 209 210 248 249 250 288 289 290 328 329 330 368 369 370 408 409 410 448 449 450 488 490
38 9 10 11 49 50 51 89 90 91 129 130 131 169 170 171 209 210 211 249 250 251 289 290 291 329 330 331 369 370 371 409 410 411 449 450 451 489 491
38 10 11 12 50 51 52 90 91 92 130 131 132 170 171 172 210 211 212 250 251 252 290 291 292 330 331 332 370 371 372 410 411 412 450 451 452 490 492
38 11 12 13 51 52 53 91 92 93 131 132 133 171 172 173 211 212 213 251 252 253 291 292 293 331 332 333 371 372 373 411 412 413 451 452 453 491 493
38 12 13 14 52 53 54 92 93 94 132 133 134 172 173 174 212 213 214 252 253 254 292 293 294 332 333 334 372 373 374 412 413 414 452 453 454 492 494
38 13 14 15 53 54 55 93 94 95 133 134 135 173 174 175 213 214 215 253 254 255 293 294 295 333 334 335 373 374 375 413 414 415 453 454 455 493 495
38 14 15 16 54 55 56 94 95 96 134 135 136 174 175 176 214 215 216 254 255 256 294 295 296 334 335 336 374 375 376 414 415 416 454 455 456 494 496
38 15 16 17 55 56 57 95 96 97 135 136 137 175 176 177 215 216 217 255 256 257 295 296 297 335 336 337 375 376 377 415 416 417 455 456 457 495 497
38 16 17 18 56 57 58 96 97 98 136 137 138 176 177 178 216 217 218 256 257 258 296 297 298 336 337 338 376 377 378 416 417 418 456 457 458 496 498
38 17 18 19 57 58 59 97 98 99 137 138 139 177 178 179 217 218 219 257 258 259 297 298 299 337 338 339 377 378 379 417 418 419 457 458 459 497 499
38 18 19 20 58 59 60 98 99 100 138 139 140 178 179 180 218 219 220 258 259 260 298 299 300 338 339 340 378 379 380 418 419 420 458 459 460 498 500
37 19 20 21 59 60 61 99 100 101 139 140 141 179 180 181 219 220 221 259 260 261 299 300 301 339 340 341 379 380 381 419 420 421 459 460 461 499
-1