500
19 2 80 81 82 160 161 162 240 241 242 320 321 322 400 401 402 480 481 482
20 1 3 81 82 83 161 162 163 241 242 243 321 322 323 401 402 403 481 482 483
20 2 4 82 83 84 162 163 164 242 243 244 322 323 324 402 403 404 482 483 484
20 3 5 83 84 85 163 164 165 243 244 245 323 324 325 403 404 405 483 484 485
20 4 6 84 85 86 164 165 166 244 245 246 324 325 326 404 405 406 484 485 486
20 5 7 85 86 87 165 166 167 245 246 247 325 326 327 405 406 407 485 486 487
20 6 8 86 87 88 166 167 168 246 247 248 326 327 328 406 407 408 486 487 488
20 7 9 87 88 89 167 168 169 247 248 249 327 328 329 407 408 409 487 488 489
20 8 10 88 89 90 168 169 170 248 249 250 328 329 330 408 409 410 488 489 490
20 9 11 89 90 91 169 170 171 249 250 251 329 330 331 409 410 411 489 490 491
20 10 12 90 91 92 170 171 172 250 251 252 330 331 332 410 411 412 490 491 492
20 11 13 91 92 93 171 172 173 251 252 253 331 332 333 411 412 413 491 492 493
20 12 14 92 93 94 172 173 174 252 253 254 332 333 334 412 413 414 492 493 494
20 13 15 93 94 95 173 174 175 253 254 255 333 334 335 413 414 415 493 494 495
20 14 16 94 95 96 174 175 176 254 255 256 334 335 336 414 415 416 494 495 496
20 15 17 95 96 97 175 176 177 255 256 257 335 336 337 415 416 417 495 496 497
20 16 18 96 97 98 176 177 178 256 257 258 336 337 338 416 417 418 496 497 498
20 17 19 97 98 99 177 178 179 257 258 259 337 338 339 417 418 419 497 498 499
20 18 20 98 99 100 178 179 180 258 259 260 338 339 340 418 419 420 498 499 500
19 19 21 99 100 101 179 180 181 259 260 261 339 340 341 419 420 421 499 500
18 20 22 100 101 102 180 181 182 260 261 262 340 341 342 420 421 422 500
17 21 23 101 102 103 181 182 183 261 262 263 341 342 343 421 422 423
17 22 24 102 103 104 182 183 184 262 263 264 342 343 344 422 423 424
17 23 25 103 104 105 183 184 185 263 264 265 343 344 345 423 424 425
17 24 26 104 105 106 184 185 186 264 265 266 344 345 346 424 425 426
17 25 27 105 106 107 185 186 187 265 266 267 345 346 347 425 426 427
17 26 28 106 107 108 186 187 188 266 267 268 346 347 348 426 427 428
17 27 29 107 108 109 187 188 189 267 268 269 347 348 349 427 428 429
17 28 30 108 109 110 188 189 190 268 269 270 348 349 350 428 429 430
17 29 31 109 110 111 189 190 191 269 270 271 349 350 351 429 430 431
17 30 32 110 111 112 190 191 192 270 271 272 350 351 352 430 431 432
17 31 33 111 112 113 191 192 193 271 272 273 351 352 353 431 432 433
17 32 34 112 113 114 192 193 194 272 273 274 352 353 354 432 433 434
17 33 35 113 114 115 193 194 195 273 274 275 353 354 355 433 434 435
17 34 36 114 115 116 194 195 196 274 275 276 354 355 356 434 435 436
17 35 37 115 116 117 195 196 197 275 276 277 355 356 357 435 436 437
17 36 38 116 117 118 196 197 198 276 277 278 356 357 358 436 437 438
17 37 39 117 118 119 197 198 199 277 278 279 357 358 359 437 438 439
17 38 40 118 119 120 198 199 200 278 279 280 358 359 360 438 439 440
17 39 41 119 120 121 199 200 201 279 280 281 359 360 361 439 440 441
17 40 42 120 121 122 200 201 202 280 281 282 360 361 362 440 441 442
17 41 43 121 122 123 201 202 203 281 282 283 361 362 363 441 442 443
17 42 44 122 123 124 202 203 204 282 283 284 362 363 364 442 443 444
17 43 45 123 124 125 203 204 205 283 284 285 363 364 365 443 444 445
17 44 46 124 125 126 204 205 206 284 285 286 364 365 366 444 445 446
17 45 47 125 126 127 205 206 207 285 286 287 365 366 367 445 446 447
17 46 48 126 127 128 206 207 208 286 287 288 366 367 368 446 447 448
17 47 49 127 128 129 207 208 209 287 288 289 367 368 369 447 448 449
17 48 50 128 129 130 208 209 210 288 289 290 368 369 370 448 449 450
17 49 51 129 130 131 209 210 211 289 290 291 369 370 371 449 450 451
17 50 52 130 131 132 210 211 212 290 291 292 370 371 372 450 451 452
17 51 53 131 132 133 211 212 213 291 292 293 371 372 373 451 452 453
17 52 54 132 133 134 212 213 214 292 293 294 372 373 374 452 453 454
17 53 55 133 134 135 213 214 215 293 294 295 373 374 375 453 454 455
17 54 56 134 135 136 214 215 216 294 295 296 374 375 376 454 455 456
17 55 57 135 136 137 215 216 217 295 296 297 375 376 377 455 456 457
17 56 58 136 137 138 216 217 218 296 297 298 376 377 378 456 457 458
17 57 59 137 138 139 217 218 219 297 298 299 377 378 379 457 458 459
17 58 60 138 139 140 218 219 220 298 299 300 378 379 380 458 459 460
17 59 61 139 140 141 219 220 221 299 300 301 379 380 381 459 460 461
17 60 62 140 141 142 220 221 222 300 301 302 380 381 382 460 461 462
17 61 63 141 142 143 221 222 223 301 302 303 381 382 383 461 462 463
17 62 64 142 143 144 222 223 224 302 303 304 382 383 384 462 463 464
17 63 65 143 144 145 223 224 225 303 304 305 383 384 385 463 464 465
17 64 66 144 145 146 224 225 226 304 305 306 384 385 386 464 465 466
17 65 67 145 146 147 225 226 227 305 306 307 385 386 387 465 466 467
17 66 68 146 147 148 226 227 228 306 307 308 386 387 388 466 467 468
17 67 69 147 148 149 227 228 229 307 308 309 387 388 389 467 468 469
17 68 70 148 149 150 228 229 230 308 309 310 388 389 390 468 469 470
17 69 71 149 150 151 229 230 231 309 310 311 389 390 391 469 470 471
17 70 72 150 151 152 230 231 232 310 311 312 390 391 392 470 471 472
17 71 73 151 152 153 231 232 233 311 312 313 391 392 393 471 472 473
17 72 74 152 153 154 232 233 234 312 313 314 392 393 394 472 473 474
17 73 75 153 154 155 233 234 235 313 314 315 393 394 395 473 474 475
17 74 76 154 155 156 234 235 236 314 315 316 394 395 396 474 475 476
17 75 77 155 156 157 235 236 237 315 316 317 395 396 397 475 476 477
17 76 78 156 157 158 236 237 238 316 317 318 396 397 398 476 477 478
17 77 79 157 158 159 237 238 239 317 318 319 397 398 399 477 478 479
17 78 80 158 159 160 238 239 240 318 319 320 398 399 400 478 479 480
18 1 79 81 159 160 161 239 240 241 319 320 321 399 400 401 479 480 481
19 1 2 80 82 160 161 162 240 241 242 320 321 322 400 401 402 480 481 482
20 1 2 3 81 83 161 162 163 241 242 243 321 322 323 401 402 403 481 482 483
20 2 3 4 82 84 162 163 164 242 243 244 322 323 324 402 403 404 482 483 484
20 3 4 5 83 85 163 164 165 243 244 245 323 324 325 403 404 405 483 484 485
20 4 5 6 84 86 164 165 166 244 245 246 324 325 326 404 405 406 484 485 486
20 5 6 7 85 87 165 166 167 245 246 247 325 326 327 405 406 407 485 486 487
20 6 7 8 86 88 166 167 168 246 247 248 326 327 328 406 407 408 486 487 488
20 7 8 9 87 89 167 168 169 247 248 249 327 328 329 407 408 409 487 488 489
20 8 9 10 88 90 168 169 170 248 249 250 328 329 330 408 409 410 488 489 490
20 9 10 11 89 91 169 170 171 249 250 251 329 330 331 409 410 411 489 490 491
20 10 11 12 90 92 170 171 172 250 251 252 330 331 332 410 411 412 490 491 492
20 11 12 13 91 93 171 172 173 251 252 253 331 332 333 411 412 413 491 492 493
20 12 13 14 92 94 172 173 174 252 253 254 332 333 334 412 413 414 492 493 494
20 13 14 15 93 95 173 174 175 253 254 255 333 334 335 413 414 415 493 494 495
20 14 15 16 94 96 174 175 176 254 255 256 334 335 336 414 415 416 494 495 496
20 15 16 17 95 97 175 176 177 255 256 257 335 336 337 415 416 417 495 496 497
20 16 17 18 96 98 176 177 178 256 257 258 336 337 338 416 417 418 496 497 498
20 17 18 19 97 99 177 178 179 257 258 259 337 338 339 417 418 419 497 498 499
20 18 19 20 98 100 178 179 180 258 259 260 338 339 340 418 419 420 498 499 500
19 19 20 21 99 101 179 180 181 259 260 261 339 340 341 419 420 421 499 500
18 20 21 22 100 102 180 181 182 260 261 262 340 341 342 420 421 422 500
17 21 22 23 101 103 181 182 183 261 262 263 341 342 343 421 422 423
17 22 23 24 102 104 182 183 184 262 263 264 342 343 344 422 423 424
17 23 24 25 103 105 183 184 185 263 264 265 343 344 345 423 424 425
17 24 25 26 104 106 184 185 186 264 265 266 344 345 346 424 425 426
17 25 26 27 105 107 185 186 187 265 266 267 345 346 347 425 426 427
17 26 27 28 106 108 186 187 188 266 267 268 346 347 348 426 427 428
17 27 28 29 107 109 187 188 189 267 268 269 347 348 349 427 428 429
17 28 29 30 108 110 188 189 190 268 269 270 348 349 350 428 429 430
17 29 30 31 109 111 189 190 191 269 270 271 349 350 351 429 430 431
17 30 31 32 110 112 190 191 192 270 271 272 350 351 352 430 431 432
17 31 32 33 111 113 191 192 193 271 272 273 351 352 353 431 432 433
17 32 33 34 112 114 192 193 194 272 273 274 352 353 354 432 433 434
17 33 34 35 113 115 193 194 195 273 274 275 353 354 355 433 434 435
17 34 35 36 114 116 194 195 196 274 275 276 354 355 356 434 435 436
17 35 36 37 115 117 195 196 197 275 276 277 355 356 357 435 436 437
17 36 37 38 116 118 196 197 198 276 277 278 356 357 358 436 437 438
17 37 38 39 117 119 197 198 199 277 278 279 357 358 359 437 438 439
17 38 39 40 118 120 198 199 200 278 279 280 358 359 360 438 439 440
17 39 40 41 119 121 199 200 201 279 280 281 359 360 361 439 440 441
17 40 41 42 120 122 200 201 202 280 281 282 360 361 362 440 441 442
17 41 42 43 121 123 201 202 203 281 282 283 361 362 363 441 442 443
17 42 43 44 122 124 202 203 204 282 283 284 362 363 364 442 443 444
17 43 44 45 123 125 203 204 205 283 284 285 363 364 365 443 444 445
17 44 45 46 124 126 204 205 206 284 285 286 364 365 366 444 445 446
17 45 46 47 125 127 205 206 207 285 286 287 365 366 367 445 446 447
17 46 47 48 126 128 206 207 208 286 287 288 366 367 368 446 447 448
17 47 48 49 127 129 207 208 209 287 288 289 367 368 369 447 448 449
17 48 49 50 128 130 208 209 210 288 289 290 368 369 370 448 449 450
17 49 50 51 129 131 209 210 211 289 290 291 369 370 371 449 450 451
17 50 51 52 130 132 210 211 212 290 291 292 370 371 372 450 451 452
17 51 52 53 131 133 211 212 213 291 292 293 371 372 373 451 452 453
17 52 53 54 132 134 212 213 214 292 293 294 372 373 374 452 453 454
17 53 54 55 133 135 213 214 215 293 294 295 373 374 375 453 454 455
17 54 55 56 134 136 214 215 216 294 295 296 374 375 376 454 455 456
17 55 56 57 135 137 215 216 217 295 296 297 375 376 377 455 456 457
17 56 57 58 136 138 216 217 218 296 297 298 376 377 378 456 457 458
17 57 58 59 137 139 217 218 219 297 298 299 377 378 379 457 458 459
17 58 59 60 138 140 218 219 220 298 299 300 378 379 380 458 459 460
17 59 60 61 139 141 219 220 221 299 300 301 379 380 381 459 460 461
17 60 61 62 140 142 220 221 222 300 301 302 380 381 382 460 461 462
17 61 62 63 141 143 221 222 223 301 302 303 381 382 383 461 462 463
17 62 63 64 142 144 222 223 224 302 303 304 382 383 384 462 463 464
17 63 64 65 143 145 223 224 225 303 304 305 383 384 385 463 464 465
17 64 65 66 144 146 224 225 226 304 305 306 384 385 386 464 465 466
17 65 66 67 145 147 225 226 227 305 306 307 385 386 387 465 466 467
17 66 67 68 146 148 226 227 228 306 307 308 386 387 388 466 467 468
17 67 68 69 147 149 227 228 229 307 308 309 387 388 389 467 468 469
17 68 69 70 148 150 228 229 230 308 309 310 388 389 390 468 469 470
17 69 70 71 149 151 229 230 231 309 310 311 389 390 391 469 470 471
17 70 71 72 150 152 230 231 232 310 311 312 390 391 392 470 471 472
17 71 72 73 151 153 231 232 233 311 312 313 391 392 393 471 472 473
17 72 73 74 152 154 232 233 234 312 313 314 392 393 394 472 473 474
17 73 74 75 153 155 233 234 235 313 314 315 393 394 395 473 474 475
17 74 75 76 154 156 234 235 236 314 315 316 394 395 396 474 475 476
17 75 76 77 155 157 235 236 237 315 316 317 395 396 397 475 476 477
17 76 77 78 156 158 236 237 238 316 317 318 396 397 398 476 477 478
17 77 78 79 157 159 237 238 239 317 318 319 397 398 399 477 478 479
17 78 79 80 158 160 238 239 240 318 319 320 398 399 400 478 479 480
18 1 79 80 81 159 161 239 240 241 319 320 321 399 400 401 479 480 481
19 1 2 80 81 82 160 162 240 241 242 320 321 322 400 401 402 480 481 482
20 1 2 3 81 82 83 161 163 241 242 243 321 322 323 401 402 403 481 482 483
20 2 3 4 82 83 84 162 164 242 243 244 322 323 324 402 403 404 482 483 484
20 3 4 5 83 84 85 163 165 243 244 245 323 324 325 403 404 405 483 484 485
20 4 5 6 84 85 86 164 166 244 245 246 324 325 326 404 405 406 484 485 486
20 5 6 7 85 86 87 165 167 245 246 247 325 326 327 405 406 407 485 486 487
20 6 7 8 86 87 88 166 168 246 247 248 326 327 328 406 407 408 486 487 488
20 7 8 9 87 88 89 167 169 247 248 249 327 328 329 407 408 409 487 488 489
20 8 9 10 88 89 90 168 170 248 249 250 328 329 330 408 409 410 488 489 490
20 9 10 11 89 90 91 169 171 249 250 251 329 330 331 409 410 411 489 490 491
20 10 11 12 90 91 92 170 172 250 251 252 330 331 332 410 411 412 490 491 492
20 11 12 13 91 92 93 171 173 251 252 253 331 332 333 411 412 413 491 492 493
20 12 13 14 92 93 94 172 174 252 253 254 332 333 334 412 413 414 492 493 494
20 13 14 15 93 94 95 173 175 253 254 255 333 334 335 413 414 415 493 494 495
20 14 15 16 94 95 96 174 176 254 255 256 334 335 336 414 415 416 494 495 496
20 15 16 17 95 96 97 175 177 255 256 257 335 336 337 415 416 417 495 496 497
20 16 17 18 96 97 98 176 178 256 257 258 336 337 338 416 417 418 496 497 498
20 17 18 19 97 98 99 177 179 257 258 259 337 338 339 417 418 419 497 498 499
20 18 19 20 98 99 100 178 180 258 259 260 338 339 340 418 419 420 498 499 500
19 19 20 21 99 100 101 179 181 259 260 261 339 340 341 419 420 421 499 500
18 20 21 22 100 101 102 180 182 260 261 262 340 341 342 420 421 422 500
17 21 22 23 101 102 103 181 183 261 262 263 341 342 343 421 422 423
17 22 23 24 102 103 104 182 184 262 263 264 342 343 344 422 423 424
17 23 24 25 103 104 105 183 185 263 264 265 343 344 345 423 424 425
17 24 25 26 104 105 106 184 186 264 265 266 344 345 346 424 425 426
17 25 26 27 105 106 107 185 187 265 266 267 345 346 347 425 426 427
17 26 27 28 106 107 108 186 188 266 267 268 346 347 348 426 427 428
17 27 28 29 107 108 109 187 189 267 268 269 347 348 349 427 428 429
17 28 29 30 108 109 110 188 190 268 269 270 348 349 350 428 429 430
17 29 30 31 109 110 111 189 191 269 270 271 349 350 351 429 430 431
17 30 31 32 110 111 112 190 192 270 271 272 350 351 352 430 431 432
17 31 32 33 111 112 113 191 193 271 272 273 351 352 353 431 432 433
17 32 33 34 112 113 114 192 194 272 273 274 352 353 354 432 433 434
17 33 34 35 113 114 115 193 195 273 274 275 353 354 355 433 434 435
17 34 35 36 114 115 116 194 196 274 275 276 354 355 356 434 435 436
17 35 36 37 115 116 117 195 197 275 276 277 355 356 357 435 436 437
17 36 37 38 116 117 118 196 198 276 277 278 356 357 358 436 437 438
17 37 38 39 117 118 119 197 199 277 278 279 357 358 359 437 438 439
17 38 39 40 118 119 120 198 200 278 279 280 358 359 360 438 439 440
17 39 40 41 119 120 121 199 201 279 280 281 359 360 361 439 440 441
17 40 41 42 120 121 122 200 202 280 281 282 360 361 362 440 441 442
17 41 42 43 121 122 123 201 203 281 282 283 361 362 363 441 442 443
17 42 43 44 122 123 124 202 204 282 283 284 362 363 364 442 443 444
17 43 44 45 123 124 125 203 205 283 284 285 363 364 365 443 444 445
17 44 45 46 124 125 126 204 206 284 285 286 364 365 366 444 445 446
17 45 46 47 125 126 127 205 207 285 286 287 365 366 367 445 446 447
17 46 47 48 126 127 128 206 208 286 287 288 366 367 368 446 447 448
17 47 48 49 127 128 129 207 209 287 288 289 367 368 369 447 448 449
17 48 49 50 128 129 130 208 210 288 289 290 368 369 370 448 449 450
17 49 50 51 129 130 131 209 211 289 290 291 369 370 371 449 450 451
17 50 51 52 130 131 132 210 212 290 291 292 370 371 372 450 451 452
17 51 52 53 131 132 133 211 213 291 292 293 371 372 373 451 452 453
17 52 53 54 132 133 134 212 214 292 293 294 372 373 374 452 453 454
17 53 54 55 133 134 135 213 215 293 294 295 373 374 375 453 454 455
17 54 55 56 134 135 136 214 216 294 295 296 374 375 376 454 455 456
17 55 56 57 135 136 137 215 217 295 296 297 375 376 377 455 456 457
17 56 57 58 136 137 138 216 218 296 297 298 376 377 378 456 457 458
17 57 58 59 137 138 139 217 219 297 298 299 377 378 379 457 458 459
17 58 59 60 138 139 140 218 220 298 299 300 378 379 380 458 459 460
17 59 60 61 139 140 141 219 221 299 300 301 379 380 381 459 460 461
17 60 61 62 140 141 142 220 222 300 301 302 380 381 382 460 461 462
17 61 62 63 141 142 143 221 223 301 302 303 381 382 383 461 462 463
17 62 63 64 142 143 144 222 224 302 303 304 382 383 384 462 463 464
17 63 64 65 143 144 145 223 225 303 304 305 383 384 385 463 464 465
17 64 65 66 144 145 146 224 226 304 305 306 384 385 386 464 465 466
17 65 66 67 145 146 147 225 227 305 306 307 385 386 387 465 466 467
17 66 67 68 146 147 148 226 228 306 307 308 386 387 388 466 467 468
17 67 68 69 147 148 149 227 229 307 308 309 387 388 389 467 468 469
17 68 69 70 148 149 150 228 230 308 309 310 388 389 390 468 469 470
17 69 70 71 149 150 151 229 231 309 310 311 389 390 391 469 470 471
17 70 71 72 150 151 152 230 232 310 311 312 390 391 392 470 471 472
17 71 72 73 151 152 153 231 233 311 312 313 391 392 393 471 472 473
17 72 73 74 152 153 154 232 234 312 313 314 392 393 394 472 473 474
17 73 74 75 153 154 155 233 235 313 314 315 393 394 395 473 474 475
17 74 75 76 154 155 156 234 236 314 315 316 394 395 396 474 475 476
17 75 76 77 155 156 157 235 237 315 316 317 395 396 397 475 476 477
17 76 77 78 156 157 158 236 238 316 317 318 396 397 398 476 477 478
17 77 78 79 157 158 159 237 239 317 318 319 397 398 399 477 478 479
17 78 79 80 158 159 160 238 240 318 319 320 398 399 400 478 479 480
18 1 79 80 81 159 160 161 239 241 319 320 321 399 400 401 479 480 481
19 1 2 80 81 82 160 161 162 240 242 320 321 322 400 401 402 480 481 482
20 1 2 3 81 82 83 161 162 163 241 243 321 322 323 401 402 403 481 482 483
20 2 3 4 82 83 84 162 163 164 242 244 322 323 324 402 403 404 482 483 484
20 3 4 5 83 84 85 163 164 165 243 245 323 324 325 403 404 405 483 484 485
20 4 5 6 84 85 86 164 165 166 244 246 324 325 326 404 405 406 484 485 486
20 5 6 7 85 86 87 165 166 167 245 247 325 326 327 405 406 407 485 486 487
20 6 7 8 86 87 88 166 167 168 246 248 326 327 328 406 407 408 486 487 488
20 7 8 9 87 88 89 167 168 169 247 249 327 328 329 407 408 409 487 488 489
20 8 9 10 88 89 90 168 169 170 248 250 328 329 330 408 409 410 488 489 490
20 9 10 11 89 90 91 169 170 171 249 251 329 330 331 409 410 411 489 490 491
20 10 11 12 90 91 92 170 171 172 250 252 330 331 332 410 411 412 490 491 492
20 11 12 13 91 92 93 171 172 173 251 253 331 332 333 411 412 413 491 492 493
20 12 13 14 92 93 94 172 173 174 252 254 332 333 334 412 413 414 492 493 494
20 13 14 15 93 94 95 173 174 175 253 255 333 334 335 413 414 415 493 494 495
20 14 15 16 94 95 96 174 175 176 254 256 334 335 336 414 415 416 494 495 496
20 15 16 17 95 96 97 175 176 177 255 257 335 336 337 415 416 417 495 496 497
20 16 17 18 96 97 98 176 177 178 256 258 336 337 338 416 417 418 496 497 498
20 17 18 19 97 98 99 177 178 179 257 259 337 338 339 417 418 419 497 498 499
20 18 19 20 98 99 100 178 179 180 258 260 338 339 340 418 419 420 498 499 500
19 19 20 21 99 100 101 179 180 181 259 261 339 340 341 419 420 421 499 500
18 20 21 22 100 101 102 180 181 182 260 262 340 341 342 420 421 422 500
17 21 22 23 101 102 103 181 182 183 261 263 341 342 343 421 422 423
17 22 23 24 102 103 104 182 183 184 262 264 342 343 344 422 423 424
17 23 24 25 103 104 105 183 184 185 263 265 343 344 345 423 424 425
17 24 25 26 104 105 106 184 185 186 264 266 344 345 346 424 425 426
17 25 26 27 105 106 107 185 186 187 265 267 345 346 347 425 426 427
17 26 27 28 106 107 108 186 187 188 266 268 346 347 348 426 427 428
17 27 28 29 107 108 109 187 188 189 267 269 347 348 349 427 428 429
17 28 29 30 108 109 110 188 189 190 268 270 348 349 350 428 429 430
17 29 30 31 109 110 111 189 190 191 269 271 349 350 351 429 430 431
17 30 31 32 110 111 112 190 191 192 270 272 350 351 352 430 431 432
17 31 32 33 111 112 113 191 192 193 271 273 351 352 353 431 432 433
17 32 33 34 112 113 114 192 193 194 272 274 352 353 354 432 433 434
17 33 34 35 113 114 115 193 194 195 273 275 353 354 355 433 434 435
17 34 35 36 114 115 116 194 195 196 274 276 354 355 356 434 435 436
17 35 36 37 115 116 117 195 196 197 275 277 355 356 357 435 436 437
17 36 37 38 116 117 118 196 197 198 276 278 356 357 358 436 437 438
17 37 38 39 117 118 119 197 198 199 277 279 357 358 359 437 438 439
17 38 39 40 118 119 120 198 199 200 278 280 358 359 360 438 439 440
17 39 40 41 119 120 121 199 200 201 279 281 359 360 361 439 440 441
17 40 41 42 120 121 122 200 201 202 280 282 360 361 362 440 441 442
17 41 42 43 121 122 123 201 202 203 281 283 361 362 363 441 442 443
17 42 43 44 122 123 124 202 203 204 282 284 362 363 364 442 443 444
17 43 44 45 123 124 125 203 204 205 283 285 363 364 365 443 444 445
17 44 45 46 124 125 126 204 205 206 284 286 364 365 366 444 445 446
17 45 46 47 125 126 127 205 206 207 285 287 365 366 367 445 446 447
17 46 47 48 126 127 128 206 207 208 286 288 366 367 368 446 447 448
17 47 48 49 127 128 129 207 208 209 287 289 367 368 369 447 448 449
17 48 49 50 128 129 130 208 209 210 288 290 368 369 370 448 449 450
17 49 50 51 129 130 131 209 210 211 289 291 369 370 371 449 450 451
17 50 51 52 130 131 132 210 211 212 290 292 370 371 372 450 451 452
17 51 52 53 131 132 133 211 212 213 291 293 371 372 373 451 452 453
17 52 53 54 132 133 134 212 213 214 292 294 372 373 374 452 453 454
17 53 54 55 133 134 135 213 214 215 293 295 373 374 375 453 454 455
17 54 55 56 134 135 136 214 215 216 294 296 374 375 376 454 455 456
17 55 56 57 135 136 137 215 216 217 295 297 375 376 377 455 456 457
17 56 57 58 136 137 138 216 217 218 296 298 376 377 378 456 457 458
17 57 58 59 137 138 139 217 218 219 297 299 377 378 379 457 458 459
17 58 59 60 138 139 140 218 219 220 298 300 378 379 380 458 459 460
17 59 60 61 139 140 141 219 220 221 299 301 379 380 381 459 460 461
17 60 61 62 140 141 142 220 221 222 300 302 380 381 382 460 461 462
17 61 62 63 141 142 143 221 222 223 301 303 381 382 383 461 462 463
17 62 63 64 142 143 144 222 223 224 302 304 382 383 384 462 463 464
17 63 64 65 143 144 145 223 224 225 303 305 383 384 385 463 464 465
17 64 65 66 144 145 146 224 225 226 304 306 384 385 386 464 465 466
17 65 66 67 145 146 147 225 226 227 305 307 385 386 387 465 466 467
17 66 67 68 146 147 148 226 227 228 306 308 386 387 388 466 467 468
17 67 68 69 147 148 149 227 228 229 307 309 387 388 389 467 468 469
17 68 69 70 148 149 150 228 229 230 308 310 388 389 390 468 469 470
17 69 70 71 149 150 151 229 230 231 309 311 389 390 391 469 470 471
17 70 71 72 150 151 152 230 231 232 310 312 390 391 392 470 471 472
17 71 72 73 151 152 153 231 232 233 311 313 391 392 393 471 472 473
17 72 73 74 152 153 154 232 233 234 312 314 392 393 394 472 473 474
17 73 74 75 153 154 155 233 234 235 313 315 393 394 395 473 474 475
17 74 75 76 154 155 156 234 235 236 314 316 394 395 396 474 475 476
17 75 76 77 155 156 157 235 236 237 315 317 395 396 397 475 476 477
17 76 77 78 156 157 158 236 237 238 316 318 396 397 398 476 477 478
17 77 78 79 157 158 159 237 238 239 317 319 397 398 399 477 478 479
17 78 79 80 158 159 160 238 239 240 318 320 398 399 400 478 479 480
18 1 79 80 81 159 160 161 239 240 241 319 321 399 400 401 479 480 481
19 1 2 80 81 82 160 161 162 240 241 242 320 322 400 401 402 480 481 482
20 1 2 3 81 82 83 161 162 163 241 242 243 321 323 401 402 403 481 482 483
20 2 3 4 82 83 84 162 163 164 242 243 244 322 324 402 403 404 482 483 484
20 3 4 5 83 84 85 163 164 165 243 244 245 323 325 403 404 405 483 484 485
20 4 5 6 84 85 86 164 165 166 244 245 246 324 326 404 405 406 484 485 486
20 5 6 7 85 86 87 165 166 167 245 246 247 325 327 405 406 407 485 486 487
20 6 7 8 86 87 88 166 167 168 246 247 248 326 328 406 407 408 486 487 488
20 7 8 9 87 88 89 167 168 169 247 248 249 327 329 407 408 409 487 488 489
20 8 9 10 88 89 90 168 169 170 248 249 250 328 330 408 409 410 488 489 490
20 9 10 11 89 90 91 169 170 171 249 250 251 329 331 409 410 411 489 490 491
20 10 11 12 90 91 92 170 171 172 250 251 252 330 332 410 411 412 490 491 492
20 11 12 13 91 92 93 171 172 173 251 252 253 331 333 411 412 413 491 492 493
20 12 13 14 92 93 94 172 173 174 252 253 254 332 334 412 413 414 492 493 494
20 13 14 15 93 94 95 173 174 175 253 254 255 333 335 413 414 415 493 494 495
20 14 15 16 94 95 96 174 175 176 254 255 256 334 336 414 415 416 494 495 496
20 15 16 17 95 96 97 175 176 177 255 256 257 335 337 415 416 417 495 496 497
20 16 17 18 96 97 98 176 177 178 256 257 258 336 338 416 417 418 496 497 498
20 17 18 19 97 98 99 177 178 179 257 258 259 337 339 417 418 419 497 498 499
20 18 19 20 98 99 100 178 179 180 258 259 260 338 340 418 419 420 498 499 500
19 19 20 21 99 100 101 179 180 181 259 260 261 339 341 419 420 421 499 500
18 20 21 22 100 101 102 180 181 182 260 261 262 340 342 420 421 422 500
17 21 22 23 101 102 103 181 182 183 261 262 263 341 343 421 422 423
17 22 23 24 102 103 104 182 183 184 262 263 264 342 344 422 423 424
17 23 24 25 103 104 105 183 184 185 263 264 265 343 345 423 424 425
17 24 25 26 104 105 106 184 185 186 264 265 266 344 346 424 425 426
17 25 26 27 105 106 107 185 186 187 265 266 267 345 347 425 426 427
17 26 27 28 106 107 108 186 187 188 266 267 268 346 348 426 427 428
17 27 28 29 107 108 109 187 188 189 267 268 269 347 349 427 428 429
17 28 29 30 108 109 110 188 189 190 268 269 270 348 350 428 429 430
17 29 30 31 109 110 111 189 190 191 269 270 271 349 351 429 430 431
17 30 31 32 110 111 112 190 191 192 270 271 272 350 352 430 431 432
17 31 32 33 111 112 113 191 192 193 271 272 273 351 353 431 432 433
17 32 33 34 112 113 114 192 193 194 272 273 274 352 354 432 433 434
17 33 34 35 113 114 115 193 194 195 273 274 275 353 355 433 434 435
17 34 35 36 114 115 116 194 195 196 274 275 276 354 356 434 435 436
17 35 36 37 115 116 117 195 196 197 275 276 277 355 357 435 436 437
17 36 37 38 116 117 118 196 197 198 276 277 278 356 358 436 437 438
17 37 38 39 117 118 119 197 198 199 277 278 279 357 359 437 438 439
17 38 39 40 118 119 120 198 199 200 278 279 280 358 360 438 439 440
17 39 40 41 119 120 121 199 200 201 279 280 281 359 361 439 440 441
17 40 41 42 120 121 122 200 201 202 280 281 282 360 362 440 441 442
17 41 42 43 121 122 123 201 202 203 281 282 283 361 363 441 442 443
17 42 43 44 122 123 124 202 203 204 282 283 284 362 364 442 443 444
17 43 44 45 123 124 125 203 204 205 283 284 285 363 365 443 444 445
17 44 45 46 124 125 126 204 205 206 284 285 286 364 366 444 445 446
17 45 46 47 125 126 127 205 206 207 285 286 287 365 367 445 446 447
17 46 47 48 126 127 128 206 207 208 286 287 288 366 368 446 447 448
17 47 48 49 127 128 129 207 208 209 287 288 289 367 369 447 448 449
17 48 49 50 128 129 130 208 209 210 288 289 290 368 370 448 449 450
17 49 50 51 129 130 131 209 210 211 289 290 291 369 371 449 450 451
17 50 51 52 130 131 132 210 211 212 290 291 292 370 372 450 451 452
17 51 52 53 131 132 133 211 212 213 291 292 293 371 373 451 452 453
17 52 53 54 132 133 134 212 213 214 292 293 294 372 374 452 453 454
17 53 54 55 133 134 135 213 214 215 293 294 295 373 375 453 454 455
17 54 55 56 134 135 136 214 215 216 294 295 296 374 376 454 455 456
17 55 56 57 135 136 137 215 216 217 295 296 297 375 377 455 456 457
17 56 57 58 136 137 138 216 217 218 296 297 298 376 378 456 457 458
17 57 58 59 137 138 139 217 218 219 297 298 299 377 379 457 458 459
17 58 59 60 138 139 140 218 219 220 298 299 300 378 380 458 459 460
17 59 60 61 139 140 141 219 220 221 299 300 301 379 381 459 460 461
17 60 61 62 140 141 142 220 221 222 300 301 302 380 382 460 461 462
17 61 62 63 141 142 143 221 222 223 301 302 303 381 383 461 462 463
17 62 63 64 142 143 144 222 223 224 302 303 304 382 384 462 463 464
17 63 64 65 143 144 145 223 224 225 303 304 305 383 385 463 464 465
17 64 65 66 144 145 146 224 225 226 304 305 306 384 386 464 465 466
17 65 66 67 145 146 147 225 226 227 305 306 307 385 387 465 466 467
17 66 67 68 146 147 148 226 227 228 306 307 308 386 388 466 467 468
17 67 68 69 147 148 149 227 228 229 307 308 309 387 389 467 468 469
17 68 69 70 148 149 150 228 229 230 308 309 310 388 390 468 469 470
17 69 70 71 149 150 151 229 230 231 309 310 311 389 391 469 470 471
17 70 71 72 150 151 152 230 231 232 310 311 312 390 392 470 471 472
17 71 72 73 151 152 153 231 232 233 311 312 313 391 393 471 472 473
17 72 73 74 152 153 154 232 233 234 312 313 314 392 394 472 473 474
17 73 74 75 153 154 155 233 234 235 313 314 315 393 395 473 474 475
17 74 75 76 154 155 156 234 235 236 314 315 316 394 396 474 475 476
17 75 76 77 155 156 157 235 236 237 315 316 317 395 397 475 476 477
17 76 77 78 156 157 158 236 237 238 316 317 318 396 398 476 477 478
17 77 78 79 157 158 159 237 238 239 317 318 319 397 399 477 478 479
17 78 79 80 158 159 160 238 239 240 318 319 320 398 400 478 479 480
18 1 79 80 81 159 160 161 239 240 241 319 320 321 399 401 479 480 481
19 1 2 80 81 82 160 161 162 240 241 242 320 321 322 400 402 480 481 482
20 1 2 3 81 82 83 161 162 163 241 242 243 321 322 323 401 403 481 482 483
20 2 3 4 82 83 84 162 163 164 242 243 244 322 323 324 402 404 482 483 484
20 3 4 5 83 84 85 163 164 165 243 244 245 323 324 325 403 405 483 484 485
20 4 5 6 84 85 86 164 165 166 244 245 246 324 325 326 404 406 484 485 486
20 5 6 7 85 86 87 165 166 167 245 246 247 325 326 327 405 407 485 486 487
20 6 7 8 86 87 88 166 167 168 246 247 248 326 327 328 406 408 486 487 488
20 7 8 9 87 88 89 167 168 169 247 248 249 327 328 329 407 409 487 488 489
20 8 9 10 88 89 90 168 169 170 248 249 250 328 329 330 408 410 488 489 490
20 9 10 11 89 90 91 169 170 171 249 250 251 329 330 331 409 411 489 490 491
20 10 11 12 90 91 92 170 171 172 250 251 252 330 331 332 410 412 490 491 492
20 11 12 13 91 92 93 171 172 173 251 252 253 331 332 333 411 413 491 492 493
20 12 13 14 92 93 94 172 173 174 252 253 254 332 333 334 412 414 492 493 494
20 13 14 15 93 94 95 173 174 175 253 254 255 333 334 335 413 415 493 494 495
20 14 15 16 94 95 96 174 175 176 254 255 256 334 335 336 414 416 494 495 496
20 15 16 17 95 96 97 175 176 177 255 256 257 335 336 337 415 417 495 496 497
20 16 17 18 96 97 98 176 177 178 256 257 258 336 337 338 416 418 496 497 498
20 17 18 19 97 98 99 177 178 179 257 258 259 337 338 339 417 419 497 498 499
20 18 19 20 98 99 100 178 179 180 258 259 260 338 339 340 418 420 498 499 500
19 19 20 21 99 100 101 179 180 181 259 260 261 339 340 341 419 421 499 500
18 20 21 22 100 101 102 180 181 182 260 261 262 340 341 342 420 422 500
17 21 22 23 101 102 103 181 182 183 261 262 263 341 342 343 421 423
17 22 23 24 102 103 104 182 183 184 262 263 264 342 343 344 422 424
17 23 24 25 103 104 105 183 184 185 263 264 265 343 344 345 423 425
17 24 25 26 104 105 106 184 185 186 264 265 266 344 345 346 424 426
17 25 26 27 105 106 107 185 186 187 265 266 267 345 346 347 425 427
17 26 27 28 106 107 108 186 187 188 266 267 268 346 347 348 426 428
17 27 28 29 107 108 109 187 188 189 267 268 269 347 348 349 427 429
17 28 29 30 108 109 110 188 189 190 268 269 270 348 349 350 428 430
17 29 30 31 109 110 111 189 190 191 269 270 271 349 350 351 429 431
17 30 31 32 110 111 112 190 191 192 270 271 272 350 351 352 430 432
17 31 32 33 111 112 113 191 192 193 271 272 273 351 352 353 431 433
17 32 33 34 112 113 114 192 193 194 272 273 274 352 353 354 432 434
17 33 34 35 113 114 115 193 194 195 273 274 275 353 354 355 433 435
17 34 35 36 114 115 116 194 195 196 274 275 276 354 355 356 434 436
17 35 36 37 115 116 117 195 196 197 275 276 277 355 356 357 435 437
17 36 37 38 116 117 118 196 197 198 276 277 278 356 357 358 436 438
17 37 38 39 117 118 119 197 198 199 277 278 279 357 358 359 437 439
17 38 39 40 118 119 120 198 199 200 278 279 280 358 359 360 438 440
17 39 40 41 119 120 121 199 200 201 279 280 281 359 360 361 439 441
17 40 41 42 120 121 122 200 201 202 280 281 282 360 361 362 440 442
17 41 42 43 121 122 123 201 202 203 281 282 283 361 362 363 441 443
17 42 43 44 122 123 124 202 203 204 282 283 284 362 363 364 442 444
17 43 44 45 123 124 125 203 204 205 283 284 285 363 364 365 443 445
17 44 45 46 124 125 126 204 205 206 284 285 286 364 365 366 444 446
17 45 46 47 125 126 127 205 206 207 285 286 287 365 366 367 445 447
17 46 47 48 126 127 128 206 207 208 286 287 288 366 367 368 446 448
17 47 48 49 127 128 129 207 208 209 287 288 289 367 368 369 447 449
17 48 49 50 128 129 130 208 209 210 288 289 290 368 369 370 448 450
17 49 50 51 129 130 131 209 210 211 289 290 291 369 370 371 449 451
17 50 51 52 130 131 132 210 211 212 290 291 292 370 371 372 450 452
17 51 52 53 131 132 133 211 212 213 291 292 293 371 372 373 451 453
17 52 53 54 132 133 134 212 213 214 292 293 294 372 373 374 452 454
17 53 54 55 133 134 135 213 214 215 293 294 295 373 374 375 453 455
17 54 55 56 134 135 136 214 215 216 294 295 296 374 375 376 454 456
17 55 56 57 135 136 137 215 216 217 295 296 297 375 376 377 455 457
17 56 57 58 136 137 138 216 217 218 296 297 298 376 377 378 456 458
17 57 58 59 137 138 139 217 218 219 297 298 299 377 378 379 457 459
17 58 59 60 138 139 140 218 219 220 298 299 300 378 379 380 458 460
17 59 60 61 139 140 141 219 220 221 299 300 301 379 380 381 459 461
17 60 61 62 140 141 142 220 221 222 300 301 302 380 381 382 460 462
17 61 62 63 141 142 143 221 222 223 301 302 303 381 382 383 461 463
17 62 63 64 142 143 144 222 223 224 302 303 304 382 383 384 462 464
17 63 64 65 143 144 145 223 224 225 303 304 305 383 384 385 463 465
17 64 65 66 144 145 146 224 225 226 304 305 306 384 385 386 464 466
17 65 66 67 145 146 147 225 226 227 305 306 307 385 386 387 465 467
17 66 67 68 146 147 148 226 227 228 306 307 308 386 387 388 466 468
17 67 68 69 147 148 149 227 228 229 307 308 309 387 388 389 467 469
17 68 69 70 148 149 150 228 229 230 308 309 310 388 389 390 468 470
17 69 70 71 149 150 151 229 230 231 309 310 311 389 390 391 469 471
17 70 71 72 150 151 152 230 231 232 310 311 312 390 391 392 470 472
17 71 72 73 151 152 153 231 232 233 311 312 313 391 392 393 471 473
17 72 73 74 152 153 154 232 233 234 312 313 314 392 393 394 472 474
17 73 74 75 153 154 155 233 234 235 313 314 315 393 394 395 473 475
17 74 75 76 154 155 156 234 235 236 314 315 316 394 395 396 474 476
17 75 76 77 155 156 157 235 236 237 315 316 317 395 396 397 475 477
17 76 77 78 156 157 158 236 237 238 316 317 318 396 397 398 476 478
17 77 78 79 157 158 159 237 238 239 317 318 319 397 398 399 477 479
17 78 79 80 158 159 160 238 239 240 318 319 320 398 399 400 478 480
18 1 79 80 81 159 160 161 239 240 241 319 320 321 399 400 401 479 481
19 1 2 80 81 82 160 161 162 240 241 242 320 321 322 400 401 402 480 482
20 1 2 3 81 82 83 161 162 163 241 242 243 321 322 323 401 402 403 481 483
20 2 3 4 82 83 84 162 163 164 242 243 244 322 323 324 402 403 404 482 484
20 3 4 5 83 84 85 163 164 165 243 244 245 323 324 325 403 404 405 483 485
20 4 5 6 84 85 86 164 165 166 244 245 246 324 325 326 404 405 406 484 486
20 5 6 7 85 86 87 165 166 167 245 246 247 325 326 327 405 406 407 485 487
20 6 7 8 86 87 88 166 167 168 246 247 248 326 327 328 406 407 408 486 488
20 7 8 9 87 88 89 167 168 169 247 248 249 327 328 329 407 408 409 487 489
20 8 9 10 88 89 90 168 169 170 248 249 250 328 329 330 408 409 410 488 490
20 9 10 11 89 90 91 169 170 171 249 250 251 329 330 331 409 410 411 489 491
20 10 11 12 90 91 92 170 171 172 250 251 252 330 331 332 410 411 412 490 492
20 11 12 13 91 92 93 171 172 173 251 252 253 331 332 333 411 412 413 491 493
20 12 13 14 92 93 94 172 173 174 252 253 254 332 333 334 412 413 414 492 494
20 13 14 15 93 94 95 173 174 175 253 254 255 333 334 335 413 414 415 493 495
20 14 15 16 94 95 96 174 175 176 254 255 256 334 335 336 414 415 416 494 496
20 15 16 17 95 96 97 175 176 177 255 256 257 335 336 337 415 416 417 495 497
20 16 17 18 96 97 98 176 177 178 256 257 258 336 337 338 416 417 418 496 498
20 17 18 19 97 98 99 177 178 179 257 258 259 337 338 339 417 418 419 497 499
20 18 19 20 98 99 100 178 179 180 258 259 260 338 339 340 418 419 420 498 500
19 19 20 21 99 100 101 179 180 181 259 260 261 339 340 341 419 420 421 499
-1