20 14 16 25 2 26 8 36 5 12 32 20 39 26 17 30 18 28 39 7 3 
60 21 25 1 2 11 36 34 1 30 30 15 4 6 1 39 24 9 27 29 14 19 2 5 38 11 36 8 39 35 8 35 8 25 36 3 36 32 29 29 23 19 4 19 17 37 18 34 7 37 15 13 17 9 18 7 20 6 15 12 2 
100 23 7 2 8 3 37 36 36 26 17 11 37 22 22 15 19 1 1 18 30 16 23 7 18 2 6 38 0 22 10 34 37 17 37 38 13 34 34 1 13 12 12 10 26 34 25 5 27 18 16 18 35 39 17 5 33 16 3 26 38 6 20 35 15 9 33 28 4 20 21 17 24 33 19 10 20 5 7 39 23 23 9 10 15 19 15 0 35 11 26 25 9 39 12 24 8 38 5 4 18 
140 18 13 2 4 33 4 16 38 11 15 13 27 17 16 34 28 23 26 23 26 13 0 35 4 12 12 12 10 9 17 20 27 30 14 31 23 18 7 13 30 15 19 9 24 27 3 12 10 29 27 37 34 27 24 38 31 28 3 2 37 20 14 17 2 29 0 26 7 8 31 29 15 2 38 39 29 1 3 0 23 30 29 9 9 5 8 32 34 11 34 23 23 1 0 25 30 33 3 37 1 27 27 8 29 17 7 19 19 2 11 34 32 32 3 33 29 3 25 15 6 12 39 29 13 31 7 3 24 10 32 17 29 19 25 19 37 24 30 8 26 
180 1 34 10 25 37 3 14 33 21 30 39 33 21 21 6 12 28 1 29 30 33 6 20 5 24 31 34 0 21 2 27 14 36 37 39 25 33 5 18 14 27 10 39 8 31 37 13 19 38 34 1 23 32 21 28 16 12 22 17 25 16 36 39 4 25 30 22 18 36 0 24 15 2 23 16 33 20 29 4 10 15 6 26 7 19 14 16 32 29 25 17 5 13 9 2 38 39 24 17 27 16 33 3 19 17 19 4 29 0 9 32 15 7 18 14 26 24 30 18 13 7 28 11 20 37 13 19 28 37 28 16 13 21 19 24 30 30 29 12 30 30 36 37 37 14 11 23 30 34 2 36 1 22 7 22 11 12 33 39 1 21 15 6 34 26 31 17 16 12 29 38 2 25 35 39 31 7 22 13 1 
220 16 9 2 30 8 16 1 12 9 1 13 22 8 12 17 27 35 34 3 7 15 2 1 32 29 0 15 36 14 28 29 23 38 24 13 38 0 15 11 2 8 16 24 8 20 33 35 15 19 39 14 34 33 15 26 22 7 1 11 22 22 32 5 12 16 18 10 9 25 13 11 33 22 27 2 2 13 29 10 32 28 24 19 13 32 37 28 39 31 31 13 13 23 10 25 0 21 27 9 38 33 12 24 15 31 18 9 4 7 11 29 28 28 8 1 20 5 21 11 36 12 17 1 28 27 26 28 0 14 29 39 39 1 23 14 32 1 15 29 8 27 18 36 15 26 30 27 23 11 38 12 16 7 13 4 35 0 24 27 6 13 26 5 6 1 11 30 2 26 19 3 5 37 31 20 15 21 7 39 25 38 11 1 5 24 37 32 16 21 20 14 26 38 11 24 0 22 14 34 1 26 37 6 23 29 27 31 2 26 22 19 16 25 20 22 1 9 14 18 22 
260 26 24 8 25 36 32 17 10 39 11 11 25 1 18 0 22 37 31 16 15 5 36 32 30 8 6 32 18 12 2 0 39 26 1 16 14 25 25 25 24 28 36 1 21 6 2 3 35 25 20 3 31 8 27 21 16 33 13 26 5 15 19 36 34 20 4 8 37 29 33 22 10 22 23 31 20 17 35 8 3 7 11 34 15 38 7 23 23 21 10 28 28 29 17 22 1 21 23 38 3 8 12 5 30 36 36 3 5 23 11 8 22 14 2 29 4 10 13 27 23 15 7 3 4 24 18 5 38 1 35 33 9 8 38 32 36 26 27 1 10 30 10 24 4 4 14 0 6 19 27 21 34 34 25 30 11 3 27 1 36 22 34 5 30 24 29 26 10 16 20 12 38 30 37 2 26 11 2 33 30 21 14 24 8 31 14 11 34 1 12 22 15 38 20 38 22 9 24 32 18 36 5 16 26 2 11 5 5 5 38 27 27 4 11 27 28 17 38 14 10 2 37 17 0 17 15 22 26 32 6 36 28 3 5 7 37 16 12 2 13 2 29 32 38 32 19 26 1 9 1 3 11 38 21 11 15 28 25 33 20 
300 24 22 9 27 27 16 17 35 20 11 8 22 33 1 12 17 12 39 11 22 32 14 25 30 27 29 37 16 6 22 36 30 4 37 10 31 5 27 18 25 38 27 39 23 20 12 1 24 11 12 38 3 18 24 25 6 5 14 14 11 36 2 34 1 0 4 24 5 31 35 31 21 14 30 5 26 34 38 10 5 10 9 0 28 25 17 26 22 23 0 33 20 3 27 13 3 23 29 0 6 24 23 28 30 6 25 16 0 15 27 38 25 28 30 5 13 8 32 35 23 32 20 3 27 0 8 22 23 30 23 30 14 6 10 5 4 35 13 5 10 0 3 27 28 33 32 33 33 24 20 17 9 1 12 36 1 13 19 16 3 2 6 9 0 16 14 5 3 20 2 5 20 5 32 1 30 17 34 16 1 15 25 2 8 37 39 1 10 18 17 13 12 16 23 4 32 29 1 36 9 3 1 22 0 26 23 31 3 9 7 36 16 24 39 24 21 30 17 24 8 27 29 12 3 4 8 35 34 10 23 35 5 17 9 6 35 32 37 30 2 36 26 10 20 17 35 33 7 4 17 7 31 7 19 26 3 20 14 37 30 37 25 35 6 34 33 1 19 30 31 13 18 10 23 30 27 10 24 35 15 33 2 38 32 14 17 36 34 31 25 16 20 10 3 27 37 37 20 16 19 
340 4 29 30 14 4 20 33 15 36 20 22 30 23 20 22 29 37 10 15 20 36 23 1 38 18 20 35 7 0 3 27 36 24 9 10 29 29 36 36 26 16 18 8 39 30 22 20 20 33 27 0 29 10 1 19 21 13 7 28 14 10 7 10 27 16 13 8 6 9 4 24 25 22 32 17 12 6 29 32 39 17 25 20 19 18 0 0 32 7 29 6 9 36 8 28 13 13 36 11 22 0 27 0 14 11 9 19 17 38 3 9 15 28 29 27 7 21 27 39 20 8 37 22 5 37 10 10 11 7 13 25 39 32 25 14 3 26 33 20 25 28 21 32 17 11 19 16 24 7 7 5 15 4 27 12 33 37 14 4 36 19 22 28 11 39 2 14 26 27 27 11 7 8 3 24 11 15 32 36 22 39 1 29 35 20 34 29 9 0 25 6 20 7 34 31 39 28 6 25 7 25 28 14 33 23 31 37 38 23 33 12 23 34 2 18 6 28 39 15 28 25 13 8 24 7 0 15 27 38 0 26 23 28 33 8 4 24 5 2 7 30 15 22 24 9 33 30 37 32 38 17 9 11 18 26 11 18 1 38 8 2 17 23 22 10 23 26 34 29 21 33 19 36 16 36 37 9 18 26 33 16 3 3 28 21 29 31 31 22 29 31 16 6 14 39 8 38 17 2 19 38 36 30 26 4 18 23 5 37 9 38 5 5 33 25 18 14 16 10 37 38 1 13 36 8 4 5 38 22 39 17 12 27 7 31 31 18 6 28 15 
380 8 27 12 13 20 30 31 27 6 33 24 36 27 37 33 35 34 30 33 16 29 2 20 17 1 3 0 19 10 29 26 18 8 31 23 20 21 6 7 19 0 31 16 19 21 1 14 15 31 39 23 12 33 35 21 26 39 22 6 1 3 24 11 11 15 34 31 28 0 31 8 0 14 16 19 35 17 25 2 0 16 17 12 1 13 34 28 4 8 26 5 11 10 16 14 18 2 37 6 2 28 6 35 3 22 6 30 39 24 33 31 32 10 4 34 15 30 14 19 38 0 16 9 10 24 15 20 26 12 27 29 1 33 16 36 8 22 26 39 6 19 31 31 22 35 25 37 25 39 9 15 31 25 16 1 10 31 22 28 3 1 9 36 26 25 32 34 8 19 34 6 30 25 29 4 12 14 2 29 5 3 4 36 28 20 30 30 3 4 19 6 37 28 35 23 6 27 10 6 38 4 12 21 21 2 25 33 8 19 14 6 14 10 34 3 30 16 25 25 12 36 31 9 17 26 25 23 6 35 29 36 31 33 17 12 27 35 37 28 6 3 34 21 13 20 16 35 29 33 20 1 30 3 3 39 22 28 22 28 15 3 16 6 28 26 10 16 21 7 36 27 10 22 0 23 2 16 10 31 10 30 25 32 33 28 31 15 16 5 35 31 0 4 29 28 30 39 36 11 6 24 30 8 6 23 23 9 39 33 32 1 15 17 25 0 37 8 8 13 13 3 36 5 7 17 26 37 16 22 0 14 7 23 14 5 6 37 6 5 22 39 39 37 8 24 38 6 25 6 11 38 1 0 36 1 17 22 30 34 36 31 8 3 14 23 9 20 12 15 17 35 6 8 24 7 25 14 13 10 12 
420 16 0 14 16 36 7 34 18 37 28 15 20 28 10 26 3 11 6 8 19 16 35 17 24 19 24 1 26 29 11 38 6 12 4 22 0 3 16 19 1 36 26 13 17 36 0 12 0 6 20 19 14 7 36 31 19 21 32 5 10 36 35 8 0 32 31 0 35 39 19 36 28 37 10 37 34 10 9 34 8 22 5 15 29 1 38 8 14 30 5 25 18 1 25 18 33 16 19 28 8 30 17 36 28 19 33 14 21 34 8 21 16 13 36 38 6 34 38 21 17 4 38 35 37 23 6 22 32 25 2 0 7 19 36 35 30 21 1 11 15 9 33 24 14 21 14 13 16 12 34 25 16 24 20 5 7 26 27 39 3 22 31 3 33 19 38 24 0 0 27 8 1 20 24 8 2 38 13 10 10 7 35 19 23 7 24 30 26 4 22 21 26 13 24 19 33 15 3 25 7 31 25 8 3 9 8 37 7 21 39 18 20 26 37 3 34 13 26 12 17 0 33 35 13 18 15 38 33 10 16 32 33 1 0 29 11 1 18 18 14 18 28 27 4 25 30 30 31 8 34 8 8 28 36 14 38 3 12 23 13 20 15 39 22 7 28 33 0 6 3 7 16 32 34 13 9 16 3 0 25 30 1 33 18 37 7 8 0 12 23 5 32 38 4 6 37 24 31 30 23 27 37 39 19 31 12 20 7 8 21 32 30 14 18 0 3 17 8 3 21 23 0 6 13 37 12 10 13 36 0 36 23 37 28 2 20 32 14 28 32 35 12 22 9 22 22 12 0 22 7 21 5 0 27 18 29 32 29 2 28 21 31 11 11 19 5 31 3 19 11 36 7 24 10 8 6 33 13 38 7 12 20 13 12 39 31 33 31 12 36 11 26 27 14 37 38 11 20 33 23 32 21 30 8 32 30 6 17 3 5 24 16 17 37 20 16 21 14 0 25 
460 2 3 11 21 18 0 11 21 21 4 4 5 26 26 13 10 17 19 27 20 24 3 28 1 33 1 10 6 7 10 31 1 13 3 22 23 35 33 5 16 29 9 21 7 28 26 17 5 6 36 17 22 0 38 24 25 39 34 31 38 36 22 39 1 17 13 17 13 38 22 29 27 23 3 35 11 29 4 8 27 1 26 10 33 24 26 18 15 12 9 5 8 31 4 1 9 9 18 14 7 32 35 26 8 38 21 11 20 26 20 7 19 38 9 12 22 35 30 29 7 39 34 7 22 30 9 23 31 19 37 38 12 33 24 12 31 38 23 3 16 3 11 35 1 12 7 15 8 37 36 15 28 22 15 10 12 16 34 35 35 31 33 39 24 10 11 8 8 35 11 16 30 14 11 32 27 18 39 27 7 36 34 35 18 9 5 23 25 39 18 13 31 4 12 7 14 16 15 14 3 19 30 33 33 33 17 12 11 9 39 10 5 34 5 15 3 10 38 21 2 9 34 25 13 38 32 19 6 0 25 9 19 7 35 4 0 4 17 3 13 8 13 10 2 18 26 38 20 16 19 22 25 5 39 30 35 24 9 2 24 26 3 35 33 30 31 33 27 0 36 0 9 1 11 11 19 29 9 32 5 20 14 31 17 6 21 13 30 23 7 6 1 2 1 35 33 24 20 20 25 17 12 34 10 15 5 30 4 7 22 10 19 28 1 37 26 14 2 16 29 9 22 31 3 15 18 36 32 38 8 17 7 13 11 18 28 8 0 33 7 14 3 27 34 36 16 21 2 18 37 32 19 12 15 22 19 33 11 11 23 11 28 31 24 31 9 13 0 1 38 39 15 1 18 9 29 34 30 31 4 20 15 15 24 22 38 35 7 1 7 31 12 27 22 29 11 23 2 3 24 32 2 31 33 21 0 22 7 31 5 4 3 21 19 27 3 9 22 11 10 21 34 15 1 8 4 12 31 38 15 7 30 9 38 15 30 38 29 30 21 34 34 24 7 5 3 3 15 26 6 17 7 0 24 8 8 28 12 31 18 
500 27 38 0 37 28 15 19 18 36 1 0 31 35 16 30 33 20 33 8 38 39 17 5 39 2 6 39 22 18 30 33 38 20 33 35 8 1 6 19 37 8 11 20 35 27 11 28 39 4 28 37 36 6 35 35 0 1 27 14 11 17 7 9 38 33 36 38 34 35 9 23 3 20 36 30 0 39 11 39 35 39 37 31 37 24 19 37 25 6 4 28 15 11 38 5 4 34 4 30 21 5 6 24 26 2 7 26 33 18 25 28 17 14 12 7 38 31 36 15 29 0 4 4 12 2 10 8 28 6 39 10 11 5 26 37 39 33 15 32 11 1 12 21 7 24 28 38 7 24 13 36 25 17 33 29 11 3 37 32 1 36 34 4 33 20 34 32 6 9 16 9 2 29 22 10 5 10 0 13 27 13 9 4 23 2 25 34 37 22 18 30 11 12 35 4 25 29 29 23 30 37 32 33 26 7 35 24 9 35 37 36 0 38 32 23 1 17 10 30 32 28 21 3 1 8 39 18 29 20 1 19 18 25 12 36 32 39 20 2 26 17 30 27 16 15 10 9 24 12 31 16 1 4 19 34 12 11 4 1 31 5 13 1 22 25 38 7 17 10 1 3 28 31 22 36 38 25 37 23 37 28 39 30 25 11 24 37 22 28 31 5 25 4 7 0 21 37 7 30 7 8 34 27 31 8 15 30 33 12 13 31 33 12 21 18 15 38 7 29 18 38 35 36 34 34 36 16 23 3 38 22 3 24 10 34 33 25 24 26 30 29 9 23 34 23 33 9 13 0 39 31 31 26 19 25 12 15 33 35 10 32 17 5 16 19 0 1 37 16 28 27 6 29 2 0 12 27 9 25 27 0 9 10 26 28 28 30 36 21 17 38 5 35 4 14 6 36 15 3 12 35 22 10 25 16 10 37 3 12 15 23 4 24 33 23 4 21 13 0 35 31 39 32 18 3 38 16 39 14 20 3 1 34 14 26 11 16 16 6 20 31 29 25 7 15 0 11 28 13 4 15 36 3 8 6 38 38 23 29 12 3 24 6 29 38 32 0 7 0 7 27 31 28 4 30 3 4 34 32 10 38 7 6 1 7 13 31 6 36 12 10 31 36 16 20 27 1 13 34 1 
540 12 13 25 0 10 7 4 14 1 28 16 39 27 15 32 35 28 15 33 16 27 3 39 24 12 11 11 5 24 37 6 36 10 23 29 20 31 33 27 24 13 35 24 0 10 8 27 30 24 20 6 11 16 37 35 28 9 38 25 25 35 23 14 38 7 3 10 30 28 29 14 1 25 30 33 35 39 21 26 23 1 24 26 17 14 22 37 15 12 22 0 0 6 6 38 5 9 0 27 29 30 33 30 7 24 16 2 15 37 20 38 30 37 24 0 3 38 37 18 3 12 18 3 10 25 33 7 26 25 34 16 7 27 38 14 11 14 9 18 3 21 16 34 18 33 34 21 23 23 31 18 35 2 21 37 19 6 4 5 32 38 13 39 18 4 6 21 18 15 0 14 36 8 8 7 1 34 28 17 17 12 35 5 14 9 34 33 7 39 38 31 29 4 23 7 8 29 29 18 4 29 32 0 37 0 7 31 26 28 8 4 32 35 1 6 36 35 39 4 34 29 35 16 33 10 23 1 39 12 20 3 33 12 36 31 5 35 14 31 15 14 27 7 9 28 5 38 16 4 2 2 34 29 18 19 0 2 21 31 6 33 35 32 37 23 15 34 10 29 26 18 3 5 17 4 26 23 2 2 27 36 4 13 26 15 25 18 9 38 9 7 31 36 39 20 11 14 15 14 3 33 32 38 38 9 3 16 32 37 10 12 34 15 17 12 22 2 30 31 0 31 38 23 20 38 4 31 4 19 5 0 4 29 38 34 31 33 11 23 31 21 27 25 28 37 37 10 39 19 33 32 2 32 15 22 22 11 6 18 22 3 18 26 25 9 21 16 2 24 31 33 37 19 10 26 8 39 28 7 10 22 31 13 6 39 27 28 10 25 6 33 29 17 11 14 26 24 30 28 8 21 14 6 32 16 24 0 16 12 0 26 26 23 31 32 22 19 12 25 4 11 10 25 28 21 31 14 6 13 34 6 27 0 4 19 17 28 12 33 33 4 11 19 27 3 4 2 14 16 27 10 27 37 36 7 10 27 13 8 1 8 15 20 0 11 39 17 32 3 10 25 39 14 36 19 17 32 21 31 9 0 1 28 37 29 36 39 9 1 8 2 1 15 22 2 26 21 19 18 17 22 35 8 36 24 27 13 16 0 36 25 0 29 6 29 11 34 29 20 35 37 22 37 4 4 39 30 17 18 1 26 32 36 35 28 20 22 33 29 15 
580 21 6 15 11 12 37 22 38 18 34 34 7 16 23 11 20 22 1 29 32 2 16 25 31 11 5 3 33 39 32 8 20 39 16 23 11 13 37 2 23 31 36 30 39 19 1 19 33 2 9 17 37 25 34 28 28 0 31 13 31 24 22 3 23 30 27 26 35 16 28 18 0 16 8 39 27 9 19 12 3 20 30 0 37 24 20 25 16 12 38 7 28 12 11 3 34 30 21 29 38 2 39 38 18 39 38 38 0 9 10 4 21 0 36 10 17 9 35 25 13 25 33 1 38 36 4 32 18 17 14 8 19 5 7 30 5 37 28 5 38 38 1 11 31 30 21 0 39 16 25 12 1 10 5 31 38 1 16 8 18 30 17 38 35 24 20 0 13 8 38 3 38 39 14 29 21 35 21 20 11 7 24 4 9 29 36 8 30 12 16 1 34 33 31 29 9 11 22 14 11 12 17 9 11 31 31 33 26 12 5 29 19 30 26 29 11 22 29 34 26 5 35 20 31 26 1 32 29 15 7 0 27 16 9 31 8 0 16 26 13 21 8 24 3 34 5 7 8 26 1 34 24 36 6 15 14 39 39 3 15 6 3 34 15 4 25 23 5 33 1 10 7 9 26 10 35 24 9 3 10 10 29 34 38 35 1 12 27 1 7 34 39 2 28 14 7 6 29 12 31 23 14 38 24 32 1 20 16 10 23 19 13 13 13 11 0 7 16 19 8 23 13 39 26 34 6 33 32 35 37 23 18 3 14 3 35 15 23 12 17 38 31 30 3 36 2 36 3 10 15 3 33 21 35 11 7 1 36 39 36 25 14 7 28 28 2 24 35 17 36 13 15 19 35 11 7 29 7 3 39 14 38 25 27 33 28 34 34 25 33 23 10 0 22 39 20 24 23 16 33 11 21 8 22 8 11 29 38 10 32 29 17 31 14 4 16 3 39 3 20 24 18 30 24 0 29 37 16 4 13 9 7 26 9 29 26 13 11 24 23 35 14 0 26 20 5 35 15 36 38 35 20 8 26 37 8 7 34 16 4 39 17 3 17 18 33 3 31 36 28 15 31 34 7 10 6 4 5 22 0 35 17 21 3 35 10 3 35 4 19 39 3 28 2 20 6 27 15 38 15 3 5 7 29 4 17 36 9 14 18 9 9 27 22 4 23 24 7 10 28 18 1 23 38 35 35 4 15 11 34 30 6 31 37 36 36 6 24 37 12 2 38 13 21 21 17 36 5 16 6 26 26 7 9 24 3 37 21 10 8 15 0 6 39 38 2 27 36 26 24 9 20 22 22 34 35 32 30 33 8 
620 29 19 35 28 20 11 23 9 32 33 9 0 34 16 39 24 10 26 12 29 2 21 1 24 36 35 20 28 18 5 36 7 16 23 35 28 35 11 38 27 4 7 27 38 15 18 14 26 36 27 7 38 8 8 23 36 36 35 24 14 32 21 13 8 4 0 36 31 11 26 11 16 26 38 6 1 9 21 19 5 0 26 4 0 27 19 37 23 6 21 29 38 34 2 6 31 2 34 22 6 21 33 22 39 24 20 0 33 33 12 30 33 30 26 34 17 5 23 32 11 4 13 9 39 15 7 30 10 2 4 8 15 38 22 14 14 2 6 39 36 18 29 21 1 16 7 10 13 30 35 25 27 8 26 18 16 34 0 18 28 4 26 35 34 8 1 8 10 7 39 38 18 29 12 19 37 11 21 10 34 16 35 21 25 14 39 1 0 39 19 20 35 5 15 30 5 16 30 7 15 30 38 25 11 10 4 8 21 26 18 7 34 6 28 19 20 19 20 12 10 31 32 6 28 7 28 33 15 10 1 22 32 39 8 3 1 4 11 14 22 22 22 17 20 2 36 32 22 9 4 32 32 36 38 21 35 18 6 2 29 7 24 21 38 32 17 31 29 20 6 11 2 20 28 22 22 17 14 4 26 10 37 18 6 27 31 1 6 38 35 27 37 20 0 36 4 17 27 33 38 25 37 0 5 25 15 20 2 21 24 20 32 13 31 30 33 22 24 31 20 19 18 18 39 18 6 36 36 25 21 34 3 18 26 0 4 33 20 38 15 37 11 39 10 2 21 3 16 5 26 37 25 4 7 16 15 5 12 11 30 34 37 25 12 23 26 8 9 38 39 16 35 2 7 38 4 28 33 20 34 20 9 19 24 8 35 39 5 0 2 28 34 31 13 38 7 39 39 16 38 30 32 25 32 39 23 28 27 17 0 13 37 2 32 13 10 20 5 8 20 7 36 6 39 9 36 6 1 27 14 31 17 6 16 1 37 0 29 16 9 30 30 6 24 14 19 26 26 24 34 6 24 30 4 15 0 33 13 1 20 27 24 38 25 0 39 14 32 21 30 1 3 12 7 27 19 19 13 5 35 8 4 19 38 8 26 30 1 39 23 22 26 7 12 3 0 3 17 32 24 0 34 27 12 33 14 31 4 20 37 32 28 33 11 18 1 38 9 35 29 24 9 16 32 13 19 32 16 29 16 1 29 2 20 1 28 27 25 32 7 14 24 27 7 28 5 0 18 6 35 7 31 36 15 15 9 27 39 26 16 15 19 5 18 31 38 6 18 15 30 17 21 7 36 28 35 34 29 5 0 16 4 23 5 20 30 14 7 29 32 15 5 3 20 15 35 10 21 5 18 3 15 39 10 11 28 37 5 9 2 38 17 7 13 22 19 4 29 26 25 
660 21 1 30 25 13 37 12 15 18 9 33 14 24 33 24 28 13 22 25 14 16 15 31 15 29 6 34 25 35 12 10 8 5 33 25 10 30 37 26 1 39 11 15 15 36 31 3 9 5 21 15 22 36 7 29 25 5 24 2 0 28 13 8 34 38 26 4 20 23 22 21 14 34 28 30 30 20 25 32 25 6 7 39 3 14 29 20 19 5 23 11 33 28 12 19 26 38 24 6 13 6 20 28 0 8 18 23 28 35 15 6 2 22 5 5 29 34 25 0 31 8 4 25 36 16 4 14 6 20 13 19 27 33 39 19 1 9 34 22 5 9 20 7 24 25 12 5 12 29 5 35 38 9 20 26 17 17 33 23 37 6 35 16 39 34 28 32 4 14 6 9 16 18 8 0 36 20 5 8 9 2 35 39 4 16 18 13 25 11 29 14 9 24 23 8 10 3 32 14 17 31 15 33 9 23 25 5 35 22 5 37 25 1 28 21 9 6 34 26 9 15 0 18 39 15 18 10 18 3 16 36 34 24 21 35 7 39 1 35 21 38 32 38 39 20 19 0 19 6 26 28 13 19 39 13 34 17 15 13 12 23 1 6 7 14 2 7 13 35 2 35 33 26 25 25 38 37 25 9 3 4 30 8 23 29 21 17 38 28 22 11 12 23 9 19 30 3 18 3 30 12 30 24 38 16 1 29 13 18 38 8 14 28 16 37 17 38 7 8 18 29 19 30 5 20 2 35 24 20 30 14 33 21 30 23 37 23 12 10 2 11 18 8 39 34 6 9 24 5 17 3 26 28 25 23 8 27 18 32 0 1 39 25 22 21 0 11 5 13 21 39 16 31 7 7 25 5 8 2 10 25 5 37 5 30 20 14 10 31 38 2 24 29 19 6 11 19 17 16 24 30 7 32 21 14 0 38 20 8 0 22 26 5 19 31 28 32 37 30 15 36 32 39 25 11 5 28 22 14 4 39 4 11 31 17 18 23 15 38 32 16 20 10 13 32 1 1 24 39 31 31 27 15 30 12 18 27 1 1 1 37 0 37 1 23 6 19 7 21 9 39 29 21 9 3 13 2 36 29 33 28 20 20 35 2 25 14 29 18 15 22 7 7 19 8 30 17 19 37 39 28 28 28 10 29 23 15 24 20 5 17 0 17 38 35 20 15 1 1 33 8 24 32 15 35 1 38 13 12 27 12 1 16 32 3 5 8 18 29 28 15 39 20 25 29 7 37 4 9 38 29 17 22 21 25 10 14 23 23 27 10 27 20 26 19 23 24 19 33 5 39 1 4 19 18 25 27 7 29 28 5 18 5 20 32 30 30 6 13 5 25 16 32 5 2 3 20 18 23 6 16 22 39 12 34 9 38 13 16 27 1 13 38 6 25 22 37 15 20 2 12 6 18 4 3 13 0 16 31 15 14 39 37 13 12 23 22 10 36 30 29 37 3 27 4 29 1 33 36 22 35 9 28 6 5 23 19 5 39 2 
700 20 13 2 10 26 14 33 0 16 30 22 5 19 26 25 23 7 26 16 35 0 4 4 28 10 2 12 21 39 11 23 12 17 17 14 35 23 39 28 31 29 10 37 1 28 14 24 35 32 33 31 33 29 27 13 31 29 17 12 21 21 27 33 38 37 7 33 20 6 21 12 28 32 1 21 12 7 5 8 31 30 31 24 11 18 30 2 0 7 6 13 20 34 6 18 23 5 12 3 3 25 7 23 9 8 4 22 15 2 30 39 24 13 23 36 31 5 38 23 5 37 36 25 23 34 4 6 31 8 9 27 25 17 10 35 17 7 17 25 1 39 24 25 12 39 13 35 37 12 11 2 1 7 27 24 34 23 30 25 23 31 12 9 0 15 4 10 14 13 35 15 12 11 32 16 10 6 3 7 10 14 1 11 14 29 27 8 4 17 33 28 0 38 37 1 13 1 11 19 6 38 26 18 9 18 26 11 16 29 19 18 36 20 21 10 1 8 18 38 17 3 26 18 1 23 11 6 16 22 17 22 12 3 32 21 14 10 32 30 31 3 1 27 16 22 37 9 23 7 7 0 11 33 10 4 8 21 3 16 35 20 30 7 24 14 28 38 24 13 20 16 16 13 35 24 36 33 34 11 0 1 11 3 27 14 0 27 27 3 4 23 15 26 22 39 1 3 29 17 16 2 25 24 15 21 9 3 6 3 14 38 4 18 34 23 24 34 11 11 37 15 34 4 33 17 4 26 12 25 36 28 19 21 12 27 34 21 30 32 16 37 31 13 7 25 36 31 11 7 2 0 14 29 4 8 38 0 34 10 26 22 30 37 4 2 24 30 16 7 23 24 4 6 37 3 23 34 34 34 1 28 34 8 9 38 16 39 39 2 9 17 25 39 6 21 34 31 3 2 38 26 26 34 24 24 29 7 10 15 1 11 3 27 11 5 18 19 4 9 14 6 18 31 37 24 12 31 15 7 25 5 34 12 31 10 28 20 18 38 35 11 1 31 39 13 28 17 32 32 26 6 30 4 37 28 20 1 19 28 9 37 33 35 9 17 5 29 29 15 27 17 27 28 0 26 1 28 35 26 12 13 32 3 17 22 31 37 23 2 25 24 39 11 11 0 20 17 29 9 32 16 18 19 5 18 37 38 38 32 24 11 5 9 14 14 23 37 4 38 39 21 23 31 24 34 31 4 3 21 6 28 29 16 39 26 35 37 17 33 21 33 36 19 2 2 33 25 39 29 16 31 11 31 22 27 25 13 24 21 26 22 1 16 38 0 2 25 29 19 11 11 13 7 30 7 10 15 25 1 37 1 32 0 32 14 27 9 28 11 22 6 33 23 22 24 24 17 9 13 28 20 16 33 28 38 1 30 6 18 31 3 11 16 3 35 30 30 36 10 34 19 17 19 34 31 3 18 8 5 24 37 25 32 22 5 23 15 35 29 33 19 32 36 35 35 31 17 17 28 28 3 39 37 15 33 28 10 4 29 15 20 18 33 4 0 38 27 16 26 16 1 5 8 38 32 35 29 1 5 9 21 0 0 18 15 34 39 18 30 28 33 2 6 26 6 6 17 34 22 3 
740 10 16 0 11 14 24 38 35 25 35 37 7 36 37 17 3 23 16 13 13 4 7 7 10 25 14 9 2 8 23 37 10 39 37 13 13 21 4 1 39 39 38 38 27 35 15 23 19 24 36 24 20 35 32 23 13 38 32 7 6 15 5 8 7 2 22 20 16 18 21 7 17 11 5 37 7 12 20 18 36 8 34 9 36 18 32 9 16 24 16 14 31 13 23 38 8 37 11 24 7 24 31 24 36 28 13 35 0 25 5 29 34 39 38 30 18 30 39 26 6 7 1 29 21 16 20 29 5 23 5 12 7 28 28 35 16 2 30 8 27 35 29 13 27 27 3 37 9 34 23 7 34 16 37 15 24 9 36 29 32 1 33 39 29 14 27 37 16 9 5 35 37 27 1 24 14 4 21 16 31 36 15 25 13 12 32 37 13 28 19 5 21 12 37 10 26 24 39 34 25 36 22 22 23 23 6 30 19 19 38 10 8 13 27 21 18 11 10 31 39 21 37 20 26 34 22 4 10 13 39 35 10 13 18 25 28 16 15 7 28 13 10 36 27 29 9 37 1 11 28 0 33 25 13 19 11 27 23 13 1 14 9 3 19 19 28 7 27 4 15 7 9 25 35 28 14 36 25 7 8 14 8 33 31 13 4 3 0 27 16 33 34 17 36 13 28 25 21 16 21 28 15 30 5 11 11 11 7 36 19 15 2 19 0 34 32 4 29 24 24 37 18 18 15 6 23 35 23 4 11 4 24 27 27 29 30 38 1 37 26 20 5 29 39 5 15 31 2 4 7 26 33 17 36 0 24 19 36 39 16 39 4 0 26 23 30 16 21 23 6 39 3 11 28 2 8 35 25 10 39 24 28 25 2 24 25 18 36 21 17 4 21 13 36 39 36 18 8 9 1 14 9 4 17 29 38 17 25 15 28 16 32 8 1 34 33 27 4 21 0 13 25 21 27 21 21 15 32 21 17 33 27 26 30 4 7 20 21 32 36 1 9 28 10 2 14 35 21 18 16 22 23 33 3 2 6 16 18 38 29 35 32 16 13 22 20 20 2 34 5 30 35 6 10 37 8 16 32 30 26 0 12 10 33 7 12 0 16 22 38 5 17 22 22 22 36 34 3 31 28 0 13 16 6 24 13 6 0 38 36 27 38 0 37 24 0 1 24 16 24 14 21 33 29 35 16 25 30 11 16 10 11 30 26 9 6 32 15 38 30 4 25 20 36 14 4 36 16 20 4 32 27 18 25 16 13 1 1 35 12 10 6 15 32 24 24 30 16 0 28 38 36 14 11 32 20 7 29 28 28 25 20 15 3 6 23 9 39 16 4 12 18 10 19 10 27 4 0 3 36 29 34 32 35 37 24 15 4 5 36 32 31 16 39 26 22 14 35 22 31 0 26 9 2 37 12 29 1 4 25 29 25 11 13 20 8 30 28 12 27 24 37 18 32 28 5 7 3 0 29 26 32 7 35 35 4 39 24 38 4 1 19 21 12 33 34 20 23 22 33 2 38 22 21 22 10 18 29 5 10 10 31 3 17 19 30 14 18 6 4 14 8 23 36 20 16 30 33 31 4 18 34 34 0 7 16 2 17 6 8 19 16 39 22 26 18 4 0 29 11 4 35 11 19 31 23 28 13 16 19 9 34 5 3 26 4 12 29 13 18 
780 37 33 26 28 7 4 39 12 36 20 15 32 15 26 12 7 9 0 12 18 11 22 12 9 25 39 13 29 20 27 7 9 12 26 37 19 30 28 31 27 8 38 19 24 16 23 23 18 23 35 36 35 17 0 4 35 31 9 24 11 28 24 20 0 2 10 20 32 38 3 11 7 34 23 31 10 6 14 28 22 1 24 9 19 25 5 6 8 14 22 20 35 38 32 27 0 2 39 25 33 3 28 0 37 11 23 39 10 37 28 24 30 12 33 9 29 38 7 38 4 22 10 39 20 2 19 21 37 18 6 30 13 34 30 2 38 13 2 0 2 30 24 32 34 17 34 16 7 33 14 3 15 16 3 36 18 14 9 15 32 15 37 6 1 27 8 39 32 10 31 26 0 15 11 27 24 37 3 23 22 17 27 38 33 22 26 3 36 35 11 28 2 8 34 3 28 35 35 12 5 26 31 38 34 34 25 18 31 20 34 5 37 21 35 22 3 21 17 39 8 20 27 10 29 14 6 9 1 1 13 6 19 4 36 13 38 13 24 21 33 18 27 22 39 22 36 34 36 14 33 4 34 12 7 15 18 13 16 19 6 30 18 25 26 14 31 25 28 7 38 21 17 25 36 8 0 32 2 36 38 27 0 33 39 7 0 10 12 9 29 18 31 39 36 17 14 27 34 34 26 33 7 3 18 3 11 10 28 5 6 26 32 7 11 23 6 12 33 19 13 15 29 4 6 25 21 12 4 16 6 30 1 6 25 11 1 28 22 29 25 28 16 17 27 27 33 26 31 18 37 4 25 26 8 32 12 22 4 8 30 11 31 31 9 16 34 10 37 16 0 22 37 8 32 24 35 25 10 19 3 39 23 29 26 24 21 30 38 25 38 20 28 21 11 29 30 5 0 27 14 32 1 11 32 33 35 19 18 38 38 14 29 14 35 15 30 8 37 28 25 36 8 14 9 11 35 39 8 35 26 22 19 28 33 11 13 21 31 24 11 21 30 0 35 25 8 25 33 5 5 18 33 5 24 3 16 20 2 17 7 21 39 19 1 25 22 14 38 13 30 1 35 20 1 22 5 1 0 30 7 5 9 0 11 25 35 19 37 30 28 37 11 20 16 4 5 38 10 35 4 1 36 31 21 29 13 19 31 13 9 30 11 10 30 14 28 18 33 25 8 22 22 11 34 38 15 39 29 25 26 33 18 14 24 0 3 29 11 26 3 12 16 14 15 39 28 3 17 13 20 25 27 3 28 21 33 3 12 14 20 38 7 39 4 23 31 8 13 2 34 16 6 3 22 21 2 2 16 19 7 37 36 35 0 24 8 25 19 21 0 39 11 39 38 16 23 29 16 36 23 2 12 30 5 26 3 7 28 20 18 35 17 6 22 9 22 31 26 33 4 18 33 7 18 23 15 1 5 31 29 28 26 33 10 31 19 6 31 39 26 1 26 35 0 9 36 14 32 14 8 36 33 33 35 3 16 11 4 21 34 25 2 20 18 4 4 37 10 27 28 28 28 14 15 20 15 3 35 7 18 3 35 3 28 31 6 4 2 2 18 36 27 12 9 5 16 13 34 19 0 14 39 20 28 15 33 4 18 28 3 28 23 39 31 11 30 37 7 24 39 25 12 18 37 21 23 6 26 9 25 18 23 24 31 4 31 24 8 2 4 3 30 27 2 14 30 32 11 37 16 3 15 21 13 4 2 29 10 29 38 35 39 14 12 30 18 35 14 18 37 18 21 20 37 24 34 27 8 37 17 
-1