200
34 2 18 19 20 36 37 38 54 55 56 72 73 74 90 91 92 108 109 110 126 127 128 144 145 146 162 163 164 180 181 182 198 199 200
34 1 3 19 20 21 37 38 39 55 56 57 73 74 75 91 92 93 109 110 111 127 128 129 145 146 147 163 164 165 181 182 183 199 200
33 2 4 20 21 22 38 39 40 56 57 58 74 75 76 92 93 94 110 111 112 128 129 130 146 147 148 164 165 166 182 183 184 200
32 3 5 21 22 23 39 40 41 57 58 59 75 76 77 93 94 95 111 112 113 129 130 131 147 148 149 165 166 167 183 184 185
32 4 6 22 23 24 40 41 42 58 59 60 76 77 78 94 95 96 112 113 114 130 131 132 148 149 150 166 167 168 184 185 186
32 5 7 23 24 25 41 42 43 59 60 61 77 78 79 95 96 97 113 114 115 131 132 133 149 150 151 167 168 169 185 186 187
32 6 8 24 25 26 42 43 44 60 61 62 78 79 80 96 97 98 114 115 116 132 133 134 150 151 152 168 169 170 186 187 188
32 7 9 25 26 27 43 44 45 61 62 63 79 80 81 97 98 99 115 116 117 133 134 135 151 152 153 169 170 171 187 188 189
32 8 10 26 27 28 44 45 46 62 63 64 80 81 82 98 99 100 116 117 118 134 135 136 152 153 154 170 171 172 188 189 190
32 9 11 27 28 29 45 46 47 63 64 65 81 82 83 99 100 101 117 118 119 135 136 137 153 154 155 171 172 173 189 190 191
32 10 12 28 29 30 46 47 48 64 65 66 82 83 84 100 101 102 118 119 120 136 137 138 154 155 156 172 173 174 190 191 192
32 11 13 29 30 31 47 48 49 65 66 67 83 84 85 101 102 103 119 120 121 137 138 139 155 156 157 173 174 175 191 192 193
32 12 14 30 31 32 48 49 50 66 67 68 84 85 86 102 103 104 120 121 122 138 139 140 156 157 158 174 175 176 192 193 194
32 13 15 31 32 33 49 50 51 67 68 69 85 86 87 103 104 105 121 122 123 139 140 141 157 158 159 175 176 177 193 194 195
32 14 16 32 33 34 50 51 52 68 69 70 86 87 88 104 105 106 122 123 124 140 141 142 158 159 160 176 177 178 194 195 196
32 15 17 33 34 35 51 52 53 69 70 71 87 88 89 105 106 107 123 124 125 141 142 143 159 160 161 177 178 179 195 196 197
32 16 18 34 35 36 52 53 54 70 71 72 88 89 90 106 107 108 124 125 126 142 143 144 160 161 162 178 179 180 196 197 198
33 1 17 19 35 36 37 53 54 55 71 72 73 89 90 91 107 108 109 125 126 127 143 144 145 161 162 163 179 180 181 197 198 199
34 1 2 18 20 36 37 38 54 55 56 72 73 74 90 91 92 108 109 110 126 127 128 144 145 146 162 163 164 180 181 182 198 199 200
34 1 2 3 19 21 37 38 39 55 56 57 73 74 75 91 92 93 109 110 111 127 128 129 145 146 147 163 164 165 181 182 183 199 200
33 2 3 4 20 22 38 39 40 56 57 58 74 75 76 92 93 94 110 111 112 128 129 130 146 147 148 164 165 166 182 183 184 200
32 3 4 5 21 23 39 40 41 57 58 59 75 76 77 93 94 95 111 112 113 129 130 131 147 148 149 165 166 167 183 184 185
32 4 5 6 22 24 40 41 42 58 59 60 76 77 78 94 95 96 112 113 114 130 131 132 148 149 150 166 167 168 184 185 186
32 5 6 7 23 25 41 42 43 59 60 61 77 78 79 95 96 97 113 114 115 131 132 133 149 150 151 167 168 169 185 186 187
32 6 7 8 24 26 42 43 44 60 61 62 78 79 80 96 97 98 114 115 116 132 133 134 150 151 152 168 169 170 186 187 188
32 7 8 9 25 27 43 44 45 61 62 63 79 80 81 97 98 99 115 116 117 133 134 135 151 152 153 169 170 171 187 188 189
32 8 9 10 26 28 44 45 46 62 63 64 80 81 82 98 99 100 116 117 118 134 135 136 152 153 154 170 171 172 188 189 190
32 9 10 11 27 29 45 46 47 63 64 65 81 82 83 99 100 101 117 118 119 135 136 137 153 154 155 171 172 173 189 190 191
32 10 11 12 28 30 46 47 48 64 65 66 82 83 84 100 101 102 118 119 120 136 137 138 154 155 156 172 173 174 190 191 192
32 11 12 13 29 31 47 48 49 65 66 67 83 84 85 101 102 103 119 120 121 137 138 139 155 156 157 173 174 175 191 192 193
32 12 13 14 30 32 48 49 50 66 67 68 84 85 86 102 103 104 120 121 122 138 139 140 156 157 158 174 175 176 192 193 194
32 13 14 15 31 33 49 50 51 67 68 69 85 86 87 103 104 105 121 122 123 139 140 141 157 158 159 175 176 177 193 194 195
32 14 15 16 32 34 50 51 52 68 69 70 86 87 88 104 105 106 122 123 124 140 141 142 158 159 160 176 177 178 194 195 196
32 15 16 17 33 35 51 52 53 69 70 71 87 88 89 105 106 107 123 124 125 141 142 143 159 160 161 177 178 179 195 196 197
32 16 17 18 34 36 52 53 54 70 71 72 88 89 90 106 107 108 124 125 126 142 143 144 160 161 162 178 179 180 196 197 198
33 1 17 18 19 35 37 53 54 55 71 72 73 89 90 91 107 108 109 125 126 127 143 144 145 161 162 163 179 180 181 197 198 199
34 1 2 18 19 20 36 38 54 55 56 72 73 74 90 91 92 108 109 110 126 127 128 144 145 146 162 163 164 180 181 182 198 199 200
34 1 2 3 19 20 21 37 39 55 56 57 73 74 75 91 92 93 109 110 111 127 128 129 145 146 147 163 164 165 181 182 183 199 200
33 2 3 4 20 21 22 38 40 56 57 58 74 75 76 92 93 94 110 111 112 128 129 130 146 147 148 164 165 166 182 183 184 200
32 3 4 5 21 22 23 39 41 57 58 59 75 76 77 93 94 95 111 112 113 129 130 131 147 148 149 165 166 167 183 184 185
32 4 5 6 22 23 24 40 42 58 59 60 76 77 78 94 95 96 112 113 114 130 131 132 148 149 150 166 167 168 184 185 186
32 5 6 7 23 24 25 41 43 59 60 61 77 78 79 95 96 97 113 114 115 131 132 133 149 150 151 167 168 169 185 186 187
32 6 7 8 24 25 26 42 44 60 61 62 78 79 80 96 97 98 114 115 116 132 133 134 150 151 152 168 169 170 186 187 188
32 7 8 9 25 26 27 43 45 61 62 63 79 80 81 97 98 99 115 116 117 133 134 135 151 152 153 169 170 171 187 188 189
32 8 9 10 26 27 28 44 46 62 63 64 80 81 82 98 99 100 116 117 118 134 135 136 152 153 154 170 171 172 188 189 190
32 9 10 11 27 28 29 45 47 63 64 65 81 82 83 99 100 101 117 118 119 135 136 137 153 154 155 171 172 173 189 190 191
32 10 11 12 28 29 30 46 48 64 65 66 82 83 84 100 101 102 118 119 120 136 137 138 154 155 156 172 173 174 190 191 192
32 11 12 13 29 30 31 47 49 65 66 67 83 84 85 101 102 103 119 120 121 137 138 139 155 156 157 173 174 175 191 192 193
32 12 13 14 30 31 32 48 50 66 67 68 84 85 86 102 103 104 120 121 122 138 139 140 156 157 158 174 175 176 192 193 194
32 13 14 15 31 32 33 49 51 67 68 69 85 86 87 103 104 105 121 122 123 139 140 141 157 158 159 175 176 177 193 194 195
32 14 15 16 32 33 34 50 52 68 69 70 86 87 88 104 105 106 122 123 124 140 141 142 158 159 160 176 177 178 194 195 196
32 15 16 17 33 34 35 51 53 69 70 71 87 88 89 105 106 107 123 124 125 141 142 143 159 160 161 177 178 179 195 196 197
32 16 17 18 34 35 36 52 54 70 71 72 88 89 90 106 107 108 124 125 126 142 143 144 160 161 162 178 179 180 196 197 198
33 1 17 18 19 35 36 37 53 55 71 72 73 89 90 91 107 108 109 125 126 127 143 144 145 161 162 163 179 180 181 197 198 199
34 1 2 18 19 20 36 37 38 54 56 72 73 74 90 91 92 108 109 110 126 127 128 144 145 146 162 163 164 180 181 182 198 199 200
34 1 2 3 19 20 21 37 38 39 55 57 73 74 75 91 92 93 109 110 111 127 128 129 145 146 147 163 164 165 181 182 183 199 200
33 2 3 4 20 21 22 38 39 40 56 58 74 75 76 92 93 94 110 111 112 128 129 130 146 147 148 164 165 166 182 183 184 200
32 3 4 5 21 22 23 39 40 41 57 59 75 76 77 93 94 95 111 112 113 129 130 131 147 148 149 165 166 167 183 184 185
32 4 5 6 22 23 24 40 41 42 58 60 76 77 78 94 95 96 112 113 114 130 131 132 148 149 150 166 167 168 184 185 186
32 5 6 7 23 24 25 41 42 43 59 61 77 78 79 95 96 97 113 114 115 131 132 133 149 150 151 167 168 169 185 186 187
32 6 7 8 24 25 26 42 43 44 60 62 78 79 80 96 97 98 114 115 116 132 133 134 150 151 152 168 169 170 186 187 188
32 7 8 9 25 26 27 43 44 45 61 63 79 80 81 97 98 99 115 116 117 133 134 135 151 152 153 169 170 171 187 188 189
32 8 9 10 26 27 28 44 45 46 62 64 80 81 82 98 99 100 116 117 118 134 135 136 152 153 154 170 171 172 188 189 190
32 9 10 11 27 28 29 45 46 47 63 65 81 82 83 99 100 101 117 118 119 135 136 137 153 154 155 171 172 173 189 190 191
32 10 11 12 28 29 30 46 47 48 64 66 82 83 84 100 101 102 118 119 120 136 137 138 154 155 156 172 173 174 190 191 192
32 11 12 13 29 30 31 47 48 49 65 67 83 84 85 101 102 103 119 120 121 137 138 139 155 156 157 173 174 175 191 192 193
32 12 13 14 30 31 32 48 49 50 66 68 84 85 86 102 103 104 120 121 122 138 139 140 156 157 158 174 175 176 192 193 194
32 13 14 15 31 32 33 49 50 51 67 69 85 86 87 103 104 105 121 122 123 139 140 141 157 158 159 175 176 177 193 194 195
32 14 15 16 32 33 34 50 51 52 68 70 86 87 88 104 105 106 122 123 124 140 141 142 158 159 160 176 177 178 194 195 196
32 15 16 17 33 34 35 51 52 53 69 71 87 88 89 105 106 107 123 124 125 141 142 143 159 160 161 177 178 179 195 196 197
32 16 17 18 34 35 36 52 53 54 70 72 88 89 90 106 107 108 124 125 126 142 143 144 160 161 162 178 179 180 196 197 198
33 1 17 18 19 35 36 37 53 54 55 71 73 89 90 91 107 108 109 125 126 127 143 144 145 161 162 163 179 180 181 197 198 199
34 1 2 18 19 20 36 37 38 54 55 56 72 74 90 91 92 108 109 110 126 127 128 144 145 146 162 163 164 180 181 182 198 199 200
34 1 2 3 19 20 21 37 38 39 55 56 57 73 75 91 92 93 109 110 111 127 128 129 145 146 147 163 164 165 181 182 183 199 200
33 2 3 4 20 21 22 38 39 40 56 57 58 74 76 92 93 94 110 111 112 128 129 130 146 147 148 164 165 166 182 183 184 200
32 3 4 5 21 22 23 39 40 41 57 58 59 75 77 93 94 95 111 112 113 129 130 131 147 148 149 165 166 167 183 184 185
32 4 5 6 22 23 24 40 41 42 58 59 60 76 78 94 95 96 112 113 114 130 131 132 148 149 150 166 167 168 184 185 186
32 5 6 7 23 24 25 41 42 43 59 60 61 77 79 95 96 97 113 114 115 131 132 133 149 150 151 167 168 169 185 186 187
32 6 7 8 24 25 26 42 43 44 60 61 62 78 80 96 97 98 114 115 116 132 133 134 150 151 152 168 169 170 186 187 188
32 7 8 9 25 26 27 43 44 45 61 62 63 79 81 97 98 99 115 116 117 133 134 135 151 152 153 169 170 171 187 188 189
32 8 9 10 26 27 28 44 45 46 62 63 64 80 82 98 99 100 116 117 118 134 135 136 152 153 154 170 171 172 188 189 190
32 9 10 11 27 28 29 45 46 47 63 64 65 81 83 99 100 101 117 118 119 135 136 137 153 154 155 171 172 173 189 190 191
32 10 11 12 28 29 30 46 47 48 64 65 66 82 84 100 101 102 118 119 120 136 137 138 154 155 156 172 173 174 190 191 192
32 11 12 13 29 30 31 47 48 49 65 66 67 83 85 101 102 103 119 120 121 137 138 139 155 156 157 173 174 175 191 192 193
32 12 13 14 30 31 32 48 49 50 66 67 68 84 86 102 103 104 120 121 122 138 139 140 156 157 158 174 175 176 192 193 194
32 13 14 15 31 32 33 49 50 51 67 68 69 85 87 103 104 105 121 122 123 139 140 141 157 158 159 175 176 177 193 194 195
32 14 15 16 32 33 34 50 51 52 68 69 70 86 88 104 105 106 122 123 124 140 141 142 158 159 160 176 177 178 194 195 196
32 15 16 17 33 34 35 51 52 53 69 70 71 87 89 105 106 107 123 124 125 141 142 143 159 160 161 177 178 179 195 196 197
32 16 17 18 34 35 36 52 53 54 70 71 72 88 90 106 107 108 124 125 126 142 143 144 160 161 162 178 179 180 196 197 198
33 1 17 18 19 35 36 37 53 54 55 71 72 73 89 91 107 108 109 125 126 127 143 144 145 161 162 163 179 180 181 197 198 199
34 1 2 18 19 20 36 37 38 54 55 56 72 73 74 90 92 108 109 110 126 127 128 144 145 146 162 163 164 180 181 182 198 199 200
34 1 2 3 19 20 21 37 38 39 55 56 57 73 74 75 91 93 109 110 111 127 128 129 145 146 147 163 164 165 181 182 183 199 200
33 2 3 4 20 21 22 38 39 40 56 57 58 74 75 76 92 94 110 111 112 128 129 130 146 147 148 164 165 166 182 183 184 200
32 3 4 5 21 22 23 39 40 41 57 58 59 75 76 77 93 95 111 112 113 129 130 131 147 148 149 165 166 167 183 184 185
32 4 5 6 22 23 24 40 41 42 58 59 60 76 77 78 94 96 112 113 114 130 131 132 148 149 150 166 167 168 184 185 186
32 5 6 7 23 24 25 41 42 43 59 60 61 77 78 79 95 97 113 114 115 131 132 133 149 150 151 167 168 169 185 186 187
32 6 7 8 24 25 26 42 43 44 60 61 62 78 79 80 96 98 114 115 116 132 133 134 150 151 152 168 169 170 186 187 188
32 7 8 9 25 26 27 43 44 45 61 62 63 79 80 81 97 99 115 116 117 133 134 135 151 152 153 169 170 171 187 188 189
32 8 9 10 26 27 28 44 45 46 62 63 64 80 81 82 98 100 116 117 118 134 135 136 152 153 154 170 171 172 188 189 190
32 9 10 11 27 28 29 45 46 47 63 64 65 81 82 83 99 101 117 118 119 135 136 137 153 154 155 171 172 173 189 190 191
32 10 11 12 28 29 30 46 47 48 64 65 66 82 83 84 100 102 118 119 120 136 137 138 154 155 156 172 173 174 190 191 192
32 11 12 13 29 30 31 47 48 49 65 66 67 83 84 85 101 103 119 120 121 137 138 139 155 156 157 173 174 175 191 192 193
32 12 13 14 30 31 32 48 49 50 66 67 68 84 85 86 102 104 120 121 122 138 139 140 156 157 158 174 175 176 192 193 194
32 13 14 15 31 32 33 49 50 51 67 68 69 85 86 87 103 105 121 122 123 139 140 141 157 158 159 175 176 177 193 194 195
32 14 15 16 32 33 34 50 51 52 68 69 70 86 87 88 104 106 122 123 124 140 141 142 158 159 160 176 177 178 194 195 196
32 15 16 17 33 34 35 51 52 53 69 70 71 87 88 89 105 107 123 124 125 141 142 143 159 160 161 177 178 179 195 196 197
32 16 17 18 34 35 36 52 53 54 70 71 72 88 89 90 106 108 124 125 126 142 143 144 160 161 162 178 179 180 196 197 198
33 1 17 18 19 35 36 37 53 54 55 71 72 73 89 90 91 107 109 125 126 127 143 144 145 161 162 163 179 180 181 197 198 199
34 1 2 18 19 20 36 37 38 54 55 56 72 73 74 90 91 92 108 110 126 127 128 144 145 146 162 163 164 180 181 182 198 199 200
34 1 2 3 19 20 21 37 38 39 55 56 57 73 74 75 91 92 93 109 111 127 128 129 145 146 147 163 164 165 181 182 183 199 200
33 2 3 4 20 21 22 38 39 40 56 57 58 74 75 76 92 93 94 110 112 128 129 130 146 147 148 164 165 166 182 183 184 200
32 3 4 5 21 22 23 39 40 41 57 58 59 75 76 77 93 94 95 111 113 129 130 131 147 148 149 165 166 167 183 184 185
32 4 5 6 22 23 24 40 41 42 58 59 60 76 77 78 94 95 96 112 114 130 131 132 148 149 150 166 167 168 184 185 186
32 5 6 7 23 24 25 41 42 43 59 60 61 77 78 79 95 96 97 113 115 131 132 133 149 150 151 167 168 169 185 186 187
32 6 7 8 24 25 26 42 43 44 60 61 62 78 79 80 96 97 98 114 116 132 133 134 150 151 152 168 169 170 186 187 188
32 7 8 9 25 26 27 43 44 45 61 62 63 79 80 81 97 98 99 115 117 133 134 135 151 152 153 169 170 171 187 188 189
32 8 9 10 26 27 28 44 45 46 62 63 64 80 81 82 98 99 100 116 118 134 135 136 152 153 154 170 171 172 188 189 190
32 9 10 11 27 28 29 45 46 47 63 64 65 81 82 83 99 100 101 117 119 135 136 137 153 154 155 171 172 173 189 190 191
32 10 11 12 28 29 30 46 47 48 64 65 66 82 83 84 100 101 102 118 120 136 137 138 154 155 156 172 173 174 190 191 192
32 11 12 13 29 30 31 47 48 49 65 66 67 83 84 85 101 102 103 119 121 137 138 139 155 156 157 173 174 175 191 192 193
32 12 13 14 30 31 32 48 49 50 66 67 68 84 85 86 102 103 104 120 122 138 139 140 156 157 158 174 175 176 192 193 194
32 13 14 15 31 32 33 49 50 51 67 68 69 85 86 87 103 104 105 121 123 139 140 141 157 158 159 175 176 177 193 194 195
32 14 15 16 32 33 34 50 51 52 68 69 70 86 87 88 104 105 106 122 124 140 141 142 158 159 160 176 177 178 194 195 196
32 15 16 17 33 34 35 51 52 53 69 70 71 87 88 89 105 106 107 123 125 141 142 143 159 160 161 177 178 179 195 196 197
32 16 17 18 34 35 36 52 53 54 70 71 72 88 89 90 106 107 108 124 126 142 143 144 160 161 162 178 179 180 196 197 198
33 1 17 18 19 35 36 37 53 54 55 71 72 73 89 90 91 107 108 109 125 127 143 144 145 161 162 163 179 180 181 197 198 199
34 1 2 18 19 20 36 37 38 54 55 56 72 73 74 90 91 92 108 109 110 126 128 144 145 146 162 163 164 180 181 182 198 199 200
34 1 2 3 19 20 21 37 38 39 55 56 57 73 74 75 91 92 93 109 110 111 127 129 145 146 147 163 164 165 181 182 183 199 200
33 2 3 4 20 21 22 38 39 40 56 57 58 74 75 76 92 93 94 110 111 112 128 130 146 147 148 164 165 166 182 183 184 200
32 3 4 5 21 22 23 39 40 41 57 58 59 75 76 77 93 94 95 111 112 113 129 131 147 148 149 165 166 167 183 184 185
32 4 5 6 22 23 24 40 41 42 58 59 60 76 77 78 94 95 96 112 113 114 130 132 148 149 150 166 167 168 184 185 186
32 5 6 7 23 24 25 41 42 43 59 60 61 77 78 79 95 96 97 113 114 115 131 133 149 150 151 167 168 169 185 186 187
32 6 7 8 24 25 26 42 43 44 60 61 62 78 79 80 96 97 98 114 115 116 132 134 150 151 152 168 169 170 186 187 188
32 7 8 9 25 26 27 43 44 45 61 62 63 79 80 81 97 98 99 115 116 117 133 135 151 152 153 169 170 171 187 188 189
32 8 9 10 26 27 28 44 45 46 62 63 64 80 81 82 98 99 100 116 117 118 134 136 152 153 154 170 171 172 188 189 190
32 9 10 11 27 28 29 45 46 47 63 64 65 81 82 83 99 100 101 117 118 119 135 137 153 154 155 171 172 173 189 190 191
32 10 11 12 28 29 30 46 47 48 64 65 66 82 83 84 100 101 102 118 119 120 136 138 154 155 156 172 173 174 190 191 192
32 11 12 13 29 30 31 47 48 49 65 66 67 83 84 85 101 102 103 119 120 121 137 139 155 156 157 173 174 175 191 192 193
32 12 13 14 30 31 32 48 49 50 66 67 68 84 85 86 102 103 104 120 121 122 138 140 156 157 158 174 175 176 192 193 194
32 13 14 15 31 32 33 49 50 51 67 68 69 85 86 87 103 104 105 121 122 123 139 141 157 158 159 175 176 177 193 194 195
32 14 15 16 32 33 34 50 51 52 68 69 70 86 87 88 104 105 106 122 123 124 140 142 158 159 160 176 177 178 194 195 196
32 15 16 17 33 34 35 51 52 53 69 70 71 87 88 89 105 106 107 123 124 125 141 143 159 160 161 177 178 179 195 196 197
32 16 17 18 34 35 36 52 53 54 70 71 72 88 89 90 106 107 108 124 125 126 142 144 160 161 162 178 179 180 196 197 198
33 1 17 18 19 35 36 37 53 54 55 71 72 73 89 90 91 107 108 109 125 126 127 143 145 161 162 163 179 180 181 197 198 199
34 1 2 18 19 20 36 37 38 54 55 56 72 73 74 90 91 92 108 109 110 126 127 128 144 146 162 163 164 180 181 182 198 199 200
34 1 2 3 19 20 21 37 38 39 55 56 57 73 74 75 91 92 93 109 110 111 127 128 129 145 147 163 164 165 181 182 183 199 200
33 2 3 4 20 21 22 38 39 40 56 57 58 74 75 76 92 93 94 110 111 112 128 129 130 146 148 164 165 166 182 183 184 200
32 3 4 5 21 22 23 39 40 41 57 58 59 75 76 77 93 94 95 111 112 113 129 130 131 147 149 165 166 167 183 184 185
32 4 5 6 22 23 24 40 41 42 58 59 60 76 77 78 94 95 96 112 113 114 130 131 132 148 150 166 167 168 184 185 186
32 5 6 7 23 24 25 41 42 43 59 60 61 77 78 79 95 96 97 113 114 115 131 132 133 149 151 167 168 169 185 186 187
32 6 7 8 24 25 26 42 43 44 60 61 62 78 79 80 96 97 98 114 115 116 132 133 134 150 152 168 169 170 186 187 188
32 7 8 9 25 26 27 43 44 45 61 62 63 79 80 81 97 98 99 115 116 117 133 134 135 151 153 169 170 171 187 188 189
32 8 9 10 26 27 28 44 45 46 62 63 64 80 81 82 98 99 100 116 117 118 134 135 136 152 154 170 171 172 188 189 190
32 9 10 11 27 28 29 45 46 47 63 64 65 81 82 83 99 100 101 117 118 119 135 136 137 153 155 171 172 173 189 190 191
32 10 11 12 28 29 30 46 47 48 64 65 66 82 83 84 100 101 102 118 119 120 136 137 138 154 156 172 173 174 190 191 192
32 11 12 13 29 30 31 47 48 49 65 66 67 83 84 85 101 102 103 119 120 121 137 138 139 155 157 173 174 175 191 192 193
32 12 13 14 30 31 32 48 49 50 66 67 68 84 85 86 102 103 104 120 121 122 138 139 140 156 158 174 175 176 192 193 194
32 13 14 15 31 32 33 49 50 51 67 68 69 85 86 87 103 104 105 121 122 123 139 140 141 157 159 175 176 177 193 194 195
32 14 15 16 32 33 34 50 51 52 68 69 70 86 87 88 104 105 106 122 123 124 140 141 142 158 160 176 177 178 194 195 196
32 15 16 17 33 34 35 51 52 53 69 70 71 87 88 89 105 106 107 123 124 125 141 142 143 159 161 177 178 179 195 196 197
32 16 17 18 34 35 36 52 53 54 70 71 72 88 89 90 106 107 108 124 125 126 142 143 144 160 162 178 179 180 196 197 198
33 1 17 18 19 35 36 37 53 54 55 71 72 73 89 90 91 107 108 109 125 126 127 143 144 145 161 163 179 180 181 197 198 199
34 1 2 18 19 20 36 37 38 54 55 56 72 73 74 90 91 92 108 109 110 126 127 128 144 145 146 162 164 180 181 182 198 199 200
34 1 2 3 19 20 21 37 38 39 55 56 57 73 74 75 91 92 93 109 110 111 127 128 129 145 146 147 163 165 181 182 183 199 200
33 2 3 4 20 21 22 38 39 40 56 57 58 74 75 76 92 93 94 110 111 112 128 129 130 146 147 148 164 166 182 183 184 200
32 3 4 5 21 22 23 39 40 41 57 58 59 75 76 77 93 94 95 111 112 113 129 130 131 147 148 149 165 167 183 184 185
32 4 5 6 22 23 24 40 41 42 58 59 60 76 77 78 94 95 96 112 113 114 130 131 132 148 149 150 166 168 184 185 186
32 5 6 7 23 24 25 41 42 43 59 60 61 77 78 79 95 96 97 113 114 115 131 132 133 149 150 151 167 169 185 186 187
32 6 7 8 24 25 26 42 43 44 60 61 62 78 79 80 96 97 98 114 115 116 132 133 134 150 151 152 168 170 186 187 188
32 7 8 9 25 26 27 43 44 45 61 62 63 79 80 81 97 98 99 115 116 117 133 134 135 151 152 153 169 171 187 188 189
32 8 9 10 26 27 28 44 45 46 62 63 64 80 81 82 98 99 100 116 117 118 134 135 136 152 153 154 170 172 188 189 190
32 9 10 11 27 28 29 45 46 47 63 64 65 81 82 83 99 100 101 117 118 119 135 136 137 153 154 155 171 173 189 190 191
32 10 11 12 28 29 30 46 47 48 64 65 66 82 83 84 100 101 102 118 119 120 136 137 138 154 155 156 172 174 190 191 192
32 11 12 13 29 30 31 47 48 49 65 66 67 83 84 85 101 102 103 119 120 121 137 138 139 155 156 157 173 175 191 192 193
32 12 13 14 30 31 32 48 49 50 66 67 68 84 85 86 102 103 104 120 121 122 138 139 140 156 157 158 174 176 192 193 194
32 13 14 15 31 32 33 49 50 51 67 68 69 85 86 87 103 104 105 121 122 123 139 140 141 157 158 159 175 177 193 194 195
32 14 15 16 32 33 34 50 51 52 68 69 70 86 87 88 104 105 106 122 123 124 140 141 142 158 159 160 176 178 194 195 196
32 15 16 17 33 34 35 51 52 53 69 70 71 87 88 89 105 106 107 123 124 125 141 142 143 159 160 161 177 179 195 196 197
32 16 17 18 34 35 36 52 53 54 70 71 72 88 89 90 106 107 108 124 125 126 142 143 144 160 161 162 178 180 196 197 198
33 1 17 18 19 35 36 37 53 54 55 71 72 73 89 90 91 107 108 109 125 126 127 143 144 145 161 162 163 179 181 197 198 199
34 1 2 18 19 20 36 37 38 54 55 56 72 73 74 90 91 92 108 109 110 126 127 128 144 145 146 162 163 164 180 182 198 199 200
34 1 2 3 19 20 21 37 38 39 55 56 57 73 74 75 91 92 93 109 110 111 127 128 129 145 146 147 163 164 165 181 183 199 200
33 2 3 4 20 21 22 38 39 40 56 57 58 74 75 76 92 93 94 110 111 112 128 129 130 146 147 148 164 165 166 182 184 200
32 3 4 5 21 22 23 39 40 41 57 58 59 75 76 77 93 94 95 111 112 113 129 130 131 147 148 149 165 166 167 183 185
32 4 5 6 22 23 24 40 41 42 58 59 60 76 77 78 94 95 96 112 113 114 130 131 132 148 149 150 166 167 168 184 186
32 5 6 7 23 24 25 41 42 43 59 60 61 77 78 79 95 96 97 113 114 115 131 132 133 149 150 151 167 168 169 185 187
32 6 7 8 24 25 26 42 43 44 60 61 62 78 79 80 96 97 98 114 115 116 132 133 134 150 151 152 168 169 170 186 188
32 7 8 9 25 26 27 43 44 45 61 62 63 79 80 81 97 98 99 115 116 117 133 134 135 151 152 153 169 170 171 187 189
32 8 9 10 26 27 28 44 45 46 62 63 64 80 81 82 98 99 100 116 117 118 134 135 136 152 153 154 170 171 172 188 190
32 9 10 11 27 28 29 45 46 47 63 64 65 81 82 83 99 100 101 117 118 119 135 136 137 153 154 155 171 172 173 189 191
32 10 11 12 28 29 30 46 47 48 64 65 66 82 83 84 100 101 102 118 119 120 136 137 138 154 155 156 172 173 174 190 192
32 11 12 13 29 30 31 47 48 49 65 66 67 83 84 85 101 102 103 119 120 121 137 138 139 155 156 157 173 174 175 191 193
32 12 13 14 30 31 32 48 49 50 66 67 68 84 85 86 102 103 104 120 121 122 138 139 140 156 157 158 174 175 176 192 194
32 13 14 15 31 32 33 49 50 51 67 68 69 85 86 87 103 104 105 121 122 123 139 140 141 157 158 159 175 176 177 193 195
32 14 15 16 32 33 34 50 51 52 68 69 70 86 87 88 104 105 106 122 123 124 140 141 142 158 159 160 176 177 178 194 196
32 15 16 17 33 34 35 51 52 53 69 70 71 87 88 89 105 106 107 123 124 125 141 142 143 159 160 161 177 178 179 195 197
32 16 17 18 34 35 36 52 53 54 70 71 72 88 89 90 106 107 108 124 125 126 142 143 144 160 161 162 178 179 180 196 198
33 1 17 18 19 35 36 37 53 54 55 71 72 73 89 90 91 107 108 109 125 126 127 143 144 145 161 162 163 179 180 181 197 199
34 1 2 18 19 20 36 37 38 54 55 56 72 73 74 90 91 92 108 109 110 126 127 128 144 145 146 162 163 164 180 181 182 198 200
34 1 2 3 19 20 21 37 38 39 55 56 57 73 74 75 91 92 93 109 110 111 127 128 129 145 146 147 163 164 165 181 182 183 199
-1