200
85 2 7 8 9 14 15 16 21 22 23 28 29 30 35 36 37 42 43 44 49 50 51 56 57 58 63 64 65 70 71 72 77 78 79 84 85 86 91 92 93 98 99 100 105 106 107 112 113 114 119 120 121 126 127 128 133 134 135 140 141 142 147 148 149 154 155 156 161 162 163 168 169 170 175 176 177 182 183 184 189 190 191 196 197 198
86 1 3 8 9 10 15 16 17 22 23 24 29 30 31 36 37 38 43 44 45 50 51 52 57 58 59 64 65 66 71 72 73 78 79 80 85 86 87 92 93 94 99 100 101 106 107 108 113 114 115 120 121 122 127 128 129 134 135 136 141 142 143 148 149 150 155 156 157 162 163 164 169 170 171 176 177 178 183 184 185 190 191 192 197 198 199
86 2 4 9 10 11 16 17 18 23 24 25 30 31 32 37 38 39 44 45 46 51 52 53 58 59 60 65 66 67 72 73 74 79 80 81 86 87 88 93 94 95 100 101 102 107 108 109 114 115 116 121 122 123 128 129 130 135 136 137 142 143 144 149 150 151 156 157 158 163 164 165 170 171 172 177 178 179 184 185 186 191 192 193 198 199 200
85 3 5 10 11 12 17 18 19 24 25 26 31 32 33 38 39 40 45 46 47 52 53 54 59 60 61 66 67 68 73 74 75 80 81 82 87 88 89 94 95 96 101 102 103 108 109 110 115 116 117 122 123 124 129 130 131 136 137 138 143 144 145 150 151 152 157 158 159 164 165 166 171 172 173 178 179 180 185 186 187 192 193 194 199 200
84 4 6 11 12 13 18 19 20 25 26 27 32 33 34 39 40 41 46 47 48 53 54 55 60 61 62 67 68 69 74 75 76 81 82 83 88 89 90 95 96 97 102 103 104 109 110 111 116 117 118 123 124 125 130 131 132 137 138 139 144 145 146 151 152 153 158 159 160 165 166 167 172 173 174 179 180 181 186 187 188 193 194 195 200
83 5 7 12 13 14 19 20 21 26 27 28 33 34 35 40 41 42 47 48 49 54 55 56 61 62 63 68 69 70 75 76 77 82 83 84 89 90 91 96 97 98 103 104 105 110 111 112 117 118 119 124 125 126 131 132 133 138 139 140 145 146 147 152 153 154 159 160 161 166 167 168 173 174 175 180 181 182 187 188 189 194 195 196
84 1 6 8 13 14 15 20 21 22 27 28 29 34 35 36 41 42 43 48 49 50 55 56 57 62 63 64 69 70 71 76 77 78 83 84 85 90 91 92 97 98 99 104 105 106 111 112 113 118 119 120 125 126 127 132 133 134 139 140 141 146 147 148 153 154 155 160 161 162 167 168 169 174 175 176 181 182 183 188 189 190 195 196 197
85 1 2 7 9 14 15 16 21 22 23 28 29 30 35 36 37 42 43 44 49 50 51 56 57 58 63 64 65 70 71 72 77 78 79 84 85 86 91 92 93 98 99 100 105 106 107 112 113 114 119 120 121 126 127 128 133 134 135 140 141 142 147 148 149 154 155 156 161 162 163 168 169 170 175 176 177 182 183 184 189 190 191 196 197 198
86 1 2 3 8 10 15 16 17 22 23 24 29 30 31 36 37 38 43 44 45 50 51 52 57 58 59 64 65 66 71 72 73 78 79 80 85 86 87 92 93 94 99 100 101 106 107 108 113 114 115 120 121 122 127 128 129 134 135 136 141 142 143 148 149 150 155 156 157 162 163 164 169 170 171 176 177 178 183 184 185 190 191 192 197 198 199
86 2 3 4 9 11 16 17 18 23 24 25 30 31 32 37 38 39 44 45 46 51 52 53 58 59 60 65 66 67 72 73 74 79 80 81 86 87 88 93 94 95 100 101 102 107 108 109 114 115 116 121 122 123 128 129 130 135 136 137 142 143 144 149 150 151 156 157 158 163 164 165 170 171 172 177 178 179 184 185 186 191 192 193 198 199 200
85 3 4 5 10 12 17 18 19 24 25 26 31 32 33 38 39 40 45 46 47 52 53 54 59 60 61 66 67 68 73 74 75 80 81 82 87 88 89 94 95 96 101 102 103 108 109 110 115 116 117 122 123 124 129 130 131 136 137 138 143 144 145 150 151 152 157 158 159 164 165 166 171 172 173 178 179 180 185 186 187 192 193 194 199 200
84 4 5 6 11 13 18 19 20 25 26 27 32 33 34 39 40 41 46 47 48 53 54 55 60 61 62 67 68 69 74 75 76 81 82 83 88 89 90 95 96 97 102 103 104 109 110 111 116 117 118 123 124 125 130 131 132 137 138 139 144 145 146 151 152 153 158 159 160 165 166 167 172 173 174 179 180 181 186 187 188 193 194 195 200
83 5 6 7 12 14 19 20 21 26 27 28 33 34 35 40 41 42 47 48 49 54 55 56 61 62 63 68 69 70 75 76 77 82 83 84 89 90 91 96 97 98 103 104 105 110 111 112 117 118 119 124 125 126 131 132 133 138 139 140 145 146 147 152 153 154 159 160 161 166 167 168 173 174 175 180 181 182 187 188 189 194 195 196
84 1 6 7 8 13 15 20 21 22 27 28 29 34 35 36 41 42 43 48 49 50 55 56 57 62 63 64 69 70 71 76 77 78 83 84 85 90 91 92 97 98 99 104 105 106 111 112 113 118 119 120 125 126 127 132 133 134 139 140 141 146 147 148 153 154 155 160 161 162 167 168 169 174 175 176 181 182 183 188 189 190 195 196 197
85 1 2 7 8 9 14 16 21 22 23 28 29 30 35 36 37 42 43 44 49 50 51 56 57 58 63 64 65 70 71 72 77 78 79 84 85 86 91 92 93 98 99 100 105 106 107 112 113 114 119 120 121 126 127 128 133 134 135 140 141 142 147 148 149 154 155 156 161 162 163 168 169 170 175 176 177 182 183 184 189 190 191 196 197 198
86 1 2 3 8 9 10 15 17 22 23 24 29 30 31 36 37 38 43 44 45 50 51 52 57 58 59 64 65 66 71 72 73 78 79 80 85 86 87 92 93 94 99 100 101 106 107 108 113 114 115 120 121 122 127 128 129 134 135 136 141 142 143 148 149 150 155 156 157 162 163 164 169 170 171 176 177 178 183 184 185 190 191 192 197 198 199
86 2 3 4 9 10 11 16 18 23 24 25 30 31 32 37 38 39 44 45 46 51 52 53 58 59 60 65 66 67 72 73 74 79 80 81 86 87 88 93 94 95 100 101 102 107 108 109 114 115 116 121 122 123 128 129 130 135 136 137 142 143 144 149 150 151 156 157 158 163 164 165 170 171 172 177 178 179 184 185 186 191 192 193 198 199 200
85 3 4 5 10 11 12 17 19 24 25 26 31 32 33 38 39 40 45 46 47 52 53 54 59 60 61 66 67 68 73 74 75 80 81 82 87 88 89 94 95 96 101 102 103 108 109 110 115 116 117 122 123 124 129 130 131 136 137 138 143 144 145 150 151 152 157 158 159 164 165 166 171 172 173 178 179 180 185 186 187 192 193 194 199 200
84 4 5 6 11 12 13 18 20 25 26 27 32 33 34 39 40 41 46 47 48 53 54 55 60 61 62 67 68 69 74 75 76 81 82 83 88 89 90 95 96 97 102 103 104 109 110 111 116 117 118 123 124 125 130 131 132 137 138 139 144 145 146 151 152 153 158 159 160 165 166 167 172 173 174 179 180 181 186 187 188 193 194 195 200
83 5 6 7 12 13 14 19 21 26 27 28 33 34 35 40 41 42 47 48 49 54 55 56 61 62 63 68 69 70 75 76 77 82 83 84 89 90 91 96 97 98 103 104 105 110 111 112 117 118 119 124 125 126 131 132 133 138 139 140 145 146 147 152 153 154 159 160 161 166 167 168 173 174 175 180 181 182 187 188 189 194 195 196
84 1 6 7 8 13 14 15 20 22 27 28 29 34 35 36 41 42 43 48 49 50 55 56 57 62 63 64 69 70 71 76 77 78 83 84 85 90 91 92 97 98 99 104 105 106 111 112 113 118 119 120 125 126 127 132 133 134 139 140 141 146 147 148 153 154 155 160 161 162 167 168 169 174 175 176 181 182 183 188 189 190 195 196 197
85 1 2 7 8 9 14 15 16 21 23 28 29 30 35 36 37 42 43 44 49 50 51 56 57 58 63 64 65 70 71 72 77 78 79 84 85 86 91 92 93 98 99 100 105 106 107 112 113 114 119 120 121 126 127 128 133 134 135 140 141 142 147 148 149 154 155 156 161 162 163 168 169 170 175 176 177 182 183 184 189 190 191 196 197 198
86 1 2 3 8 9 10 15 16 17 22 24 29 30 31 36 37 38 43 44 45 50 51 52 57 58 59 64 65 66 71 72 73 78 79 80 85 86 87 92 93 94 99 100 101 106 107 108 113 114 115 120 121 122 127 128 129 134 135 136 141 142 143 148 149 150 155 156 157 162 163 164 169 170 171 176 177 178 183 184 185 190 191 192 197 198 199
86 2 3 4 9 10 11 16 17 18 23 25 30 31 32 37 38 39 44 45 46 51 52 53 58 59 60 65 66 67 72 73 74 79 80 81 86 87 88 93 94 95 100 101 102 107 108 109 114 115 116 121 122 123 128 129 130 135 136 137 142 143 144 149 150 151 156 157 158 163 164 165 170 171 172 177 178 179 184 185 186 191 192 193 198 199 200
85 3 4 5 10 11 12 17 18 19 24 26 31 32 33 38 39 40 45 46 47 52 53 54 59 60 61 66 67 68 73 74 75 80 81 82 87 88 89 94 95 96 101 102 103 108 109 110 115 116 117 122 123 124 129 130 131 136 137 138 143 144 145 150 151 152 157 158 159 164 165 166 171 172 173 178 179 180 185 186 187 192 193 194 199 200
84 4 5 6 11 12 13 18 19 20 25 27 32 33 34 39 40 41 46 47 48 53 54 55 60 61 62 67 68 69 74 75 76 81 82 83 88 89 90 95 96 97 102 103 104 109 110 111 116 117 118 123 124 125 130 131 132 137 138 139 144 145 146 151 152 153 158 159 160 165 166 167 172 173 174 179 180 181 186 187 188 193 194 195 200
83 5 6 7 12 13 14 19 20 21 26 28 33 34 35 40 41 42 47 48 49 54 55 56 61 62 63 68 69 70 75 76 77 82 83 84 89 90 91 96 97 98 103 104 105 110 111 112 117 118 119 124 125 126 131 132 133 138 139 140 145 146 147 152 153 154 159 160 161 166 167 168 173 174 175 180 181 182 187 188 189 194 195 196
84 1 6 7 8 13 14 15 20 21 22 27 29 34 35 36 41 42 43 48 49 50 55 56 57 62 63 64 69 70 71 76 77 78 83 84 85 90 91 92 97 98 99 104 105 106 111 112 113 118 119 120 125 126 127 132 133 134 139 140 141 146 147 148 153 154 155 160 161 162 167 168 169 174 175 176 181 182 183 188 189 190 195 196 197
85 1 2 7 8 9 14 15 16 21 22 23 28 30 35 36 37 42 43 44 49 50 51 56 57 58 63 64 65 70 71 72 77 78 79 84 85 86 91 92 93 98 99 100 105 106 107 112 113 114 119 120 121 126 127 128 133 134 135 140 141 142 147 148 149 154 155 156 161 162 163 168 169 170 175 176 177 182 183 184 189 190 191 196 197 198
86 1 2 3 8 9 10 15 16 17 22 23 24 29 31 36 37 38 43 44 45 50 51 52 57 58 59 64 65 66 71 72 73 78 79 80 85 86 87 92 93 94 99 100 101 106 107 108 113 114 115 120 121 122 127 128 129 134 135 136 141 142 143 148 149 150 155 156 157 162 163 164 169 170 171 176 177 178 183 184 185 190 191 192 197 198 199
86 2 3 4 9 10 11 16 17 18 23 24 25 30 32 37 38 39 44 45 46 51 52 53 58 59 60 65 66 67 72 73 74 79 80 81 86 87 88 93 94 95 100 101 102 107 108 109 114 115 116 121 122 123 128 129 130 135 136 137 142 143 144 149 150 151 156 157 158 163 164 165 170 171 172 177 178 179 184 185 186 191 192 193 198 199 200
85 3 4 5 10 11 12 17 18 19 24 25 26 31 33 38 39 40 45 46 47 52 53 54 59 60 61 66 67 68 73 74 75 80 81 82 87 88 89 94 95 96 101 102 103 108 109 110 115 116 117 122 123 124 129 130 131 136 137 138 143 144 145 150 151 152 157 158 159 164 165 166 171 172 173 178 179 180 185 186 187 192 193 194 199 200
84 4 5 6 11 12 13 18 19 20 25 26 27 32 34 39 40 41 46 47 48 53 54 55 60 61 62 67 68 69 74 75 76 81 82 83 88 89 90 95 96 97 102 103 104 109 110 111 116 117 118 123 124 125 130 131 132 137 138 139 144 145 146 151 152 153 158 159 160 165 166 167 172 173 174 179 180 181 186 187 188 193 194 195 200
83 5 6 7 12 13 14 19 20 21 26 27 28 33 35 40 41 42 47 48 49 54 55 56 61 62 63 68 69 70 75 76 77 82 83 84 89 90 91 96 97 98 103 104 105 110 111 112 117 118 119 124 125 126 131 132 133 138 139 140 145 146 147 152 153 154 159 160 161 166 167 168 173 174 175 180 181 182 187 188 189 194 195 196
84 1 6 7 8 13 14 15 20 21 22 27 28 29 34 36 41 42 43 48 49 50 55 56 57 62 63 64 69 70 71 76 77 78 83 84 85 90 91 92 97 98 99 104 105 106 111 112 113 118 119 120 125 126 127 132 133 134 139 140 141 146 147 148 153 154 155 160 161 162 167 168 169 174 175 176 181 182 183 188 189 190 195 196 197
85 1 2 7 8 9 14 15 16 21 22 23 28 29 30 35 37 42 43 44 49 50 51 56 57 58 63 64 65 70 71 72 77 78 79 84 85 86 91 92 93 98 99 100 105 106 107 112 113 114 119 120 121 126 127 128 133 134 135 140 141 142 147 148 149 154 155 156 161 162 163 168 169 170 175 176 177 182 183 184 189 190 191 196 197 198
86 1 2 3 8 9 10 15 16 17 22 23 24 29 30 31 36 38 43 44 45 50 51 52 57 58 59 64 65 66 71 72 73 78 79 80 85 86 87 92 93 94 99 100 101 106 107 108 113 114 115 120 121 122 127 128 129 134 135 136 141 142 143 148 149 150 155 156 157 162 163 164 169 170 171 176 177 178 183 184 185 190 191 192 197 198 199
86 2 3 4 9 10 11 16 17 18 23 24 25 30 31 32 37 39 44 45 46 51 52 53 58 59 60 65 66 67 72 73 74 79 80 81 86 87 88 93 94 95 100 101 102 107 108 109 114 115 116 121 122 123 128 129 130 135 136 137 142 143 144 149 150 151 156 157 158 163 164 165 170 171 172 177 178 179 184 185 186 191 192 193 198 199 200
85 3 4 5 10 11 12 17 18 19 24 25 26 31 32 33 38 40 45 46 47 52 53 54 59 60 61 66 67 68 73 74 75 80 81 82 87 88 89 94 95 96 101 102 103 108 109 110 115 116 117 122 123 124 129 130 131 136 137 138 143 144 145 150 151 152 157 158 159 164 165 166 171 172 173 178 179 180 185 186 187 192 193 194 199 200
84 4 5 6 11 12 13 18 19 20 25 26 27 32 33 34 39 41 46 47 48 53 54 55 60 61 62 67 68 69 74 75 76 81 82 83 88 89 90 95 96 97 102 103 104 109 110 111 116 117 118 123 124 125 130 131 132 137 138 139 144 145 146 151 152 153 158 159 160 165 166 167 172 173 174 179 180 181 186 187 188 193 194 195 200
83 5 6 7 12 13 14 19 20 21 26 27 28 33 34 35 40 42 47 48 49 54 55 56 61 62 63 68 69 70 75 76 77 82 83 84 89 90 91 96 97 98 103 104 105 110 111 112 117 118 119 124 125 126 131 132 133 138 139 140 145 146 147 152 153 154 159 160 161 166 167 168 173 174 175 180 181 182 187 188 189 194 195 196
84 1 6 7 8 13 14 15 20 21 22 27 28 29 34 35 36 41 43 48 49 50 55 56 57 62 63 64 69 70 71 76 77 78 83 84 85 90 91 92 97 98 99 104 105 106 111 112 113 118 119 120 125 126 127 132 133 134 139 140 141 146 147 148 153 154 155 160 161 162 167 168 169 174 175 176 181 182 183 188 189 190 195 196 197
85 1 2 7 8 9 14 15 16 21 22 23 28 29 30 35 36 37 42 44 49 50 51 56 57 58 63 64 65 70 71 72 77 78 79 84 85 86 91 92 93 98 99 100 105 106 107 112 113 114 119 120 121 126 127 128 133 134 135 140 141 142 147 148 149 154 155 156 161 162 163 168 169 170 175 176 177 182 183 184 189 190 191 196 197 198
86 1 2 3 8 9 10 15 16 17 22 23 24 29 30 31 36 37 38 43 45 50 51 52 57 58 59 64 65 66 71 72 73 78 79 80 85 86 87 92 93 94 99 100 101 106 107 108 113 114 115 120 121 122 127 128 129 134 135 136 141 142 143 148 149 150 155 156 157 162 163 164 169 170 171 176 177 178 183 184 185 190 191 192 197 198 199
86 2 3 4 9 10 11 16 17 18 23 24 25 30 31 32 37 38 39 44 46 51 52 53 58 59 60 65 66 67 72 73 74 79 80 81 86 87 88 93 94 95 100 101 102 107 108 109 114 115 116 121 122 123 128 129 130 135 136 137 142 143 144 149 150 151 156 157 158 163 164 165 170 171 172 177 178 179 184 185 186 191 192 193 198 199 200
85 3 4 5 10 11 12 17 18 19 24 25 26 31 32 33 38 39 40 45 47 52 53 54 59 60 61 66 67 68 73 74 75 80 81 82 87 88 89 94 95 96 101 102 103 108 109 110 115 116 117 122 123 124 129 130 131 136 137 138 143 144 145 150 151 152 157 158 159 164 165 166 171 172 173 178 179 180 185 186 187 192 193 194 199 200
84 4 5 6 11 12 13 18 19 20 25 26 27 32 33 34 39 40 41 46 48 53 54 55 60 61 62 67 68 69 74 75 76 81 82 83 88 89 90 95 96 97 102 103 104 109 110 111 116 117 118 123 124 125 130 131 132 137 138 139 144 145 146 151 152 153 158 159 160 165 166 167 172 173 174 179 180 181 186 187 188 193 194 195 200
83 5 6 7 12 13 14 19 20 21 26 27 28 33 34 35 40 41 42 47 49 54 55 56 61 62 63 68 69 70 75 76 77 82 83 84 89 90 91 96 97 98 103 104 105 110 111 112 117 118 119 124 125 126 131 132 133 138 139 140 145 146 147 152 153 154 159 160 161 166 167 168 173 174 175 180 181 182 187 188 189 194 195 196
84 1 6 7 8 13 14 15 20 21 22 27 28 29 34 35 36 41 42 43 48 50 55 56 57 62 63 64 69 70 71 76 77 78 83 84 85 90 91 92 97 98 99 104 105 106 111 112 113 118 119 120 125 126 127 132 133 134 139 140 141 146 147 148 153 154 155 160 161 162 167 168 169 174 175 176 181 182 183 188 189 190 195 196 197
85 1 2 7 8 9 14 15 16 21 22 23 28 29 30 35 36 37 42 43 44 49 51 56 57 58 63 64 65 70 71 72 77 78 79 84 85 86 91 92 93 98 99 100 105 106 107 112 113 114 119 120 121 126 127 128 133 134 135 140 141 142 147 148 149 154 155 156 161 162 163 168 169 170 175 176 177 182 183 184 189 190 191 196 197 198
86 1 2 3 8 9 10 15 16 17 22 23 24 29 30 31 36 37 38 43 44 45 50 52 57 58 59 64 65 66 71 72 73 78 79 80 85 86 87 92 93 94 99 100 101 106 107 108 113 114 115 120 121 122 127 128 129 134 135 136 141 142 143 148 149 150 155 156 157 162 163 164 169 170 171 176 177 178 183 184 185 190 191 192 197 198 199
86 2 3 4 9 10 11 16 17 18 23 24 25 30 31 32 37 38 39 44 45 46 51 53 58 59 60 65 66 67 72 73 74 79 80 81 86 87 88 93 94 95 100 101 102 107 108 109 114 115 116 121 122 123 128 129 130 135 136 137 142 143 144 149 150 151 156 157 158 163 164 165 170 171 172 177 178 179 184 185 186 191 192 193 198 199 200
85 3 4 5 10 11 12 17 18 19 24 25 26 31 32 33 38 39 40 45 46 47 52 54 59 60 61 66 67 68 73 74 75 80 81 82 87 88 89 94 95 96 101 102 103 108 109 110 115 116 117 122 123 124 129 130 131 136 137 138 143 144 145 150 151 152 157 158 159 164 165 166 171 172 173 178 179 180 185 186 187 192 193 194 199 200
84 4 5 6 11 12 13 18 19 20 25 26 27 32 33 34 39 40 41 46 47 48 53 55 60 61 62 67 68 69 74 75 76 81 82 83 88 89 90 95 96 97 102 103 104 109 110 111 116 117 118 123 124 125 130 131 132 137 138 139 144 145 146 151 152 153 158 159 160 165 166 167 172 173 174 179 180 181 186 187 188 193 194 195 200
83 5 6 7 12 13 14 19 20 21 26 27 28 33 34 35 40 41 42 47 48 49 54 56 61 62 63 68 69 70 75 76 77 82 83 84 89 90 91 96 97 98 103 104 105 110 111 112 117 118 119 124 125 126 131 132 133 138 139 140 145 146 147 152 153 154 159 160 161 166 167 168 173 174 175 180 181 182 187 188 189 194 195 196
84 1 6 7 8 13 14 15 20 21 22 27 28 29 34 35 36 41 42 43 48 49 50 55 57 62 63 64 69 70 71 76 77 78 83 84 85 90 91 92 97 98 99 104 105 106 111 112 113 118 119 120 125 126 127 132 133 134 139 140 141 146 147 148 153 154 155 160 161 162 167 168 169 174 175 176 181 182 183 188 189 190 195 196 197
85 1 2 7 8 9 14 15 16 21 22 23 28 29 30 35 36 37 42 43 44 49 50 51 56 58 63 64 65 70 71 72 77 78 79 84 85 86 91 92 93 98 99 100 105 106 107 112 113 114 119 120 121 126 127 128 133 134 135 140 141 142 147 148 149 154 155 156 161 162 163 168 169 170 175 176 177 182 183 184 189 190 191 196 197 198
86 1 2 3 8 9 10 15 16 17 22 23 24 29 30 31 36 37 38 43 44 45 50 51 52 57 59 64 65 66 71 72 73 78 79 80 85 86 87 92 93 94 99 100 101 106 107 108 113 114 115 120 121 122 127 128 129 134 135 136 141 142 143 148 149 150 155 156 157 162 163 164 169 170 171 176 177 178 183 184 185 190 191 192 197 198 199
86 2 3 4 9 10 11 16 17 18 23 24 25 30 31 32 37 38 39 44 45 46 51 52 53 58 60 65 66 67 72 73 74 79 80 81 86 87 88 93 94 95 100 101 102 107 108 109 114 115 116 121 122 123 128 129 130 135 136 137 142 143 144 149 150 151 156 157 158 163 164 165 170 171 172 177 178 179 184 185 186 191 192 193 198 199 200
85 3 4 5 10 11 12 17 18 19 24 25 26 31 32 33 38 39 40 45 46 47 52 53 54 59 61 66 67 68 73 74 75 80 81 82 87 88 89 94 95 96 101 102 103 108 109 110 115 116 117 122 123 124 129 130 131 136 137 138 143 144 145 150 151 152 157 158 159 164 165 166 171 172 173 178 179 180 185 186 187 192 193 194 199 200
84 4 5 6 11 12 13 18 19 20 25 26 27 32 33 34 39 40 41 46 47 48 53 54 55 60 62 67 68 69 74 75 76 81 82 83 88 89 90 95 96 97 102 103 104 109 110 111 116 117 118 123 124 125 130 131 132 137 138 139 144 145 146 151 152 153 158 159 160 165 166 167 172 173 174 179 180 181 186 187 188 193 194 195 200
83 5 6 7 12 13 14 19 20 21 26 27 28 33 34 35 40 41 42 47 48 49 54 55 56 61 63 68 69 70 75 76 77 82 83 84 89 90 91 96 97 98 103 104 105 110 111 112 117 118 119 124 125 126 131 132 133 138 139 140 145 146 147 152 153 154 159 160 161 166 167 168 173 174 175 180 181 182 187 188 189 194 195 196
84 1 6 7 8 13 14 15 20 21 22 27 28 29 34 35 36 41 42 43 48 49 50 55 56 57 62 64 69 70 71 76 77 78 83 84 85 90 91 92 97 98 99 104 105 106 111 112 113 118 119 120 125 126 127 132 133 134 139 140 141 146 147 148 153 154 155 160 161 162 167 168 169 174 175 176 181 182 183 188 189 190 195 196 197
85 1 2 7 8 9 14 15 16 21 22 23 28 29 30 35 36 37 42 43 44 49 50 51 56 57 58 63 65 70 71 72 77 78 79 84 85 86 91 92 93 98 99 100 105 106 107 112 113 114 119 120 121 126 127 128 133 134 135 140 141 142 147 148 149 154 155 156 161 162 163 168 169 170 175 176 177 182 183 184 189 190 191 196 197 198
86 1 2 3 8 9 10 15 16 17 22 23 24 29 30 31 36 37 38 43 44 45 50 51 52 57 58 59 64 66 71 72 73 78 79 80 85 86 87 92 93 94 99 100 101 106 107 108 113 114 115 120 121 122 127 128 129 134 135 136 141 142 143 148 149 150 155 156 157 162 163 164 169 170 171 176 177 178 183 184 185 190 191 192 197 198 199
86 2 3 4 9 10 11 16 17 18 23 24 25 30 31 32 37 38 39 44 45 46 51 52 53 58 59 60 65 67 72 73 74 79 80 81 86 87 88 93 94 95 100 101 102 107 108 109 114 115 116 121 122 123 128 129 130 135 136 137 142 143 144 149 150 151 156 157 158 163 164 165 170 171 172 177 178 179 184 185 186 191 192 193 198 199 200
85 3 4 5 10 11 12 17 18 19 24 25 26 31 32 33 38 39 40 45 46 47 52 53 54 59 60 61 66 68 73 74 75 80 81 82 87 88 89 94 95 96 101 102 103 108 109 110 115 116 117 122 123 124 129 130 131 136 137 138 143 144 145 150 151 152 157 158 159 164 165 166 171 172 173 178 179 180 185 186 187 192 193 194 199 200
84 4 5 6 11 12 13 18 19 20 25 26 27 32 33 34 39 40 41 46 47 48 53 54 55 60 61 62 67 69 74 75 76 81 82 83 88 89 90 95 96 97 102 103 104 109 110 111 116 117 118 123 124 125 130 131 132 137 138 139 144 145 146 151 152 153 158 159 160 165 166 167 172 173 174 179 180 181 186 187 188 193 194 195 200
83 5 6 7 12 13 14 19 20 21 26 27 28 33 34 35 40 41 42 47 48 49 54 55 56 61 62 63 68 70 75 76 77 82 83 84 89 90 91 96 97 98 103 104 105 110 111 112 117 118 119 124 125 126 131 132 133 138 139 140 145 146 147 152 153 154 159 160 161 166 167 168 173 174 175 180 181 182 187 188 189 194 195 196
84 1 6 7 8 13 14 15 20 21 22 27 28 29 34 35 36 41 42 43 48 49 50 55 56 57 62 63 64 69 71 76 77 78 83 84 85 90 91 92 97 98 99 104 105 106 111 112 113 118 119 120 125 126 127 132 133 134 139 140 141 146 147 148 153 154 155 160 161 162 167 168 169 174 175 176 181 182 183 188 189 190 195 196 197
85 1 2 7 8 9 14 15 16 21 22 23 28 29 30 35 36 37 42 43 44 49 50 51 56 57 58 63 64 65 70 72 77 78 79 84 85 86 91 92 93 98 99 100 105 106 107 112 113 114 119 120 121 126 127 128 133 134 135 140 141 142 147 148 149 154 155 156 161 162 163 168 169 170 175 176 177 182 183 184 189 190 191 196 197 198
86 1 2 3 8 9 10 15 16 17 22 23 24 29 30 31 36 37 38 43 44 45 50 51 52 57 58 59 64 65 66 71 73 78 79 80 85 86 87 92 93 94 99 100 101 106 107 108 113 114 115 120 121 122 127 128 129 134 135 136 141 142 143 148 149 150 155 156 157 162 163 164 169 170 171 176 177 178 183 184 185 190 191 192 197 198 199
86 2 3 4 9 10 11 16 17 18 23 24 25 30 31 32 37 38 39 44 45 46 51 52 53 58 59 60 65 66 67 72 74 79 80 81 86 87 88 93 94 95 100 101 102 107 108 109 114 115 116 121 122 123 128 129 130 135 136 137 142 143 144 149 150 151 156 157 158 163 164 165 170 171 172 177 178 179 184 185 186 191 192 193 198 199 200
85 3 4 5 10 11 12 17 18 19 24 25 26 31 32 33 38 39 40 45 46 47 52 53 54 59 60 61 66 67 68 73 75 80 81 82 87 88 89 94 95 96 101 102 103 108 109 110 115 116 117 122 123 124 129 130 131 136 137 138 143 144 145 150 151 152 157 158 159 164 165 166 171 172 173 178 179 180 185 186 187 192 193 194 199 200
84 4 5 6 11 12 13 18 19 20 25 26 27 32 33 34 39 40 41 46 47 48 53 54 55 60 61 62 67 68 69 74 76 81 82 83 88 89 90 95 96 97 102 103 104 109 110 111 116 117 118 123 124 125 130 131 132 137 138 139 144 145 146 151 152 153 158 159 160 165 166 167 172 173 174 179 180 181 186 187 188 193 194 195 200
83 5 6 7 12 13 14 19 20 21 26 27 28 33 34 35 40 41 42 47 48 49 54 55 56 61 62 63 68 69 70 75 77 82 83 84 89 90 91 96 97 98 103 104 105 110 111 112 117 118 119 124 125 126 131 132 133 138 139 140 145 146 147 152 153 154 159 160 161 166 167 168 173 174 175 180 181 182 187 188 189 194 195 196
84 1 6 7 8 13 14 15 20 21 22 27 28 29 34 35 36 41 42 43 48 49 50 55 56 57 62 63 64 69 70 71 76 78 83 84 85 90 91 92 97 98 99 104 105 106 111 112 113 118 119 120 125 126 127 132 133 134 139 140 141 146 147 148 153 154 155 160 161 162 167 168 169 174 175 176 181 182 183 188 189 190 195 196 197
85 1 2 7 8 9 14 15 16 21 22 23 28 29 30 35 36 37 42 43 44 49 50 51 56 57 58 63 64 65 70 71 72 77 79 84 85 86 91 92 93 98 99 100 105 106 107 112 113 114 119 120 121 126 127 128 133 134 135 140 141 142 147 148 149 154 155 156 161 162 163 168 169 170 175 176 177 182 183 184 189 190 191 196 197 198
86 1 2 3 8 9 10 15 16 17 22 23 24 29 30 31 36 37 38 43 44 45 50 51 52 57 58 59 64 65 66 71 72 73 78 80 85 86 87 92 93 94 99 100 101 106 107 108 113 114 115 120 121 122 127 128 129 134 135 136 141 142 143 148 149 150 155 156 157 162 163 164 169 170 171 176 177 178 183 184 185 190 191 192 197 198 199
86 2 3 4 9 10 11 16 17 18 23 24 25 30 31 32 37 38 39 44 45 46 51 52 53 58 59 60 65 66 67 72 73 74 79 81 86 87 88 93 94 95 100 101 102 107 108 109 114 115 116 121 122 123 128 129 130 135 136 137 142 143 144 149 150 151 156 157 158 163 164 165 170 171 172 177 178 179 184 185 186 191 192 193 198 199 200
85 3 4 5 10 11 12 17 18 19 24 25 26 31 32 33 38 39 40 45 46 47 52 53 54 59 60 61 66 67 68 73 74 75 80 82 87 88 89 94 95 96 101 102 103 108 109 110 115 116 117 122 123 124 129 130 131 136 137 138 143 144 145 150 151 152 157 158 159 164 165 166 171 172 173 178 179 180 185 186 187 192 193 194 199 200
84 4 5 6 11 12 13 18 19 20 25 26 27 32 33 34 39 40 41 46 47 48 53 54 55 60 61 62 67 68 69 74 75 76 81 83 88 89 90 95 96 97 102 103 104 109 110 111 116 117 118 123 124 125 130 131 132 137 138 139 144 145 146 151 152 153 158 159 160 165 166 167 172 173 174 179 180 181 186 187 188 193 194 195 200
83 5 6 7 12 13 14 19 20 21 26 27 28 33 34 35 40 41 42 47 48 49 54 55 56 61 62 63 68 69 70 75 76 77 82 84 89 90 91 96 97 98 103 104 105 110 111 112 117 118 119 124 125 126 131 132 133 138 139 140 145 146 147 152 153 154 159 160 161 166 167 168 173 174 175 180 181 182 187 188 189 194 195 196
84 1 6 7 8 13 14 15 20 21 22 27 28 29 34 35 36 41 42 43 48 49 50 55 56 57 62 63 64 69 70 71 76 77 78 83 85 90 91 92 97 98 99 104 105 106 111 112 113 118 119 120 125 126 127 132 133 134 139 140 141 146 147 148 153 154 155 160 161 162 167 168 169 174 175 176 181 182 183 188 189 190 195 196 197
85 1 2 7 8 9 14 15 16 21 22 23 28 29 30 35 36 37 42 43 44 49 50 51 56 57 58 63 64 65 70 71 72 77 78 79 84 86 91 92 93 98 99 100 105 106 107 112 113 114 119 120 121 126 127 128 133 134 135 140 141 142 147 148 149 154 155 156 161 162 163 168 169 170 175 176 177 182 183 184 189 190 191 196 197 198
86 1 2 3 8 9 10 15 16 17 22 23 24 29 30 31 36 37 38 43 44 45 50 51 52 57 58 59 64 65 66 71 72 73 78 79 80 85 87 92 93 94 99 100 101 106 107 108 113 114 115 120 121 122 127 128 129 134 135 136 141 142 143 148 149 150 155 156 157 162 163 164 169 170 171 176 177 178 183 184 185 190 191 192 197 198 199
86 2 3 4 9 10 11 16 17 18 23 24 25 30 31 32 37 38 39 44 45 46 51 52 53 58 59 60 65 66 67 72 73 74 79 80 81 86 88 93 94 95 100 101 102 107 108 109 114 115 116 121 122 123 128 129 130 135 136 137 142 143 144 149 150 151 156 157 158 163 164 165 170 171 172 177 178 179 184 185 186 191 192 193 198 199 200
85 3 4 5 10 11 12 17 18 19 24 25 26 31 32 33 38 39 40 45 46 47 52 53 54 59 60 61 66 67 68 73 74 75 80 81 82 87 89 94 95 96 101 102 103 108 109 110 115 116 117 122 123 124 129 130 131 136 137 138 143 144 145 150 151 152 157 158 159 164 165 166 171 172 173 178 179 180 185 186 187 192 193 194 199 200
84 4 5 6 11 12 13 18 19 20 25 26 27 32 33 34 39 40 41 46 47 48 53 54 55 60 61 62 67 68 69 74 75 76 81 82 83 88 90 95 96 97 102 103 104 109 110 111 116 117 118 123 124 125 130 131 132 137 138 139 144 145 146 151 152 153 158 159 160 165 166 167 172 173 174 179 180 181 186 187 188 193 194 195 200
83 5 6 7 12 13 14 19 20 21 26 27 28 33 34 35 40 41 42 47 48 49 54 55 56 61 62 63 68 69 70 75 76 77 82 83 84 89 91 96 97 98 103 104 105 110 111 112 117 118 119 124 125 126 131 132 133 138 139 140 145 146 147 152 153 154 159 160 161 166 167 168 173 174 175 180 181 182 187 188 189 194 195 196
84 1 6 7 8 13 14 15 20 21 22 27 28 29 34 35 36 41 42 43 48 49 50 55 56 57 62 63 64 69 70 71 76 77 78 83 84 85 90 92 97 98 99 104 105 106 111 112 113 118 119 120 125 126 127 132 133 134 139 140 141 146 147 148 153 154 155 160 161 162 167 168 169 174 175 176 181 182 183 188 189 190 195 196 197
85 1 2 7 8 9 14 15 16 21 22 23 28 29 30 35 36 37 42 43 44 49 50 51 56 57 58 63 64 65 70 71 72 77 78 79 84 85 86 91 93 98 99 100 105 106 107 112 113 114 119 120 121 126 127 128 133 134 135 140 141 142 147 148 149 154 155 156 161 162 163 168 169 170 175 176 177 182 183 184 189 190 191 196 197 198
86 1 2 3 8 9 10 15 16 17 22 23 24 29 30 31 36 37 38 43 44 45 50 51 52 57 58 59 64 65 66 71 72 73 78 79 80 85 86 87 92 94 99 100 101 106 107 108 113 114 115 120 121 122 127 128 129 134 135 136 141 142 143 148 149 150 155 156 157 162 163 164 169 170 171 176 177 178 183 184 185 190 191 192 197 198 199
86 2 3 4 9 10 11 16 17 18 23 24 25 30 31 32 37 38 39 44 45 46 51 52 53 58 59 60 65 66 67 72 73 74 79 80 81 86 87 88 93 95 100 101 102 107 108 109 114 115 116 121 122 123 128 129 130 135 136 137 142 143 144 149 150 151 156 157 158 163 164 165 170 171 172 177 178 179 184 185 186 191 192 193 198 199 200
85 3 4 5 10 11 12 17 18 19 24 25 26 31 32 33 38 39 40 45 46 47 52 53 54 59 60 61 66 67 68 73 74 75 80 81 82 87 88 89 94 96 101 102 103 108 109 110 115 116 117 122 123 124 129 130 131 136 137 138 143 144 145 150 151 152 157 158 159 164 165 166 171 172 173 178 179 180 185 186 187 192 193 194 199 200
84 4 5 6 11 12 13 18 19 20 25 26 27 32 33 34 39 40 41 46 47 48 53 54 55 60 61 62 67 68 69 74 75 76 81 82 83 88 89 90 95 97 102 103 104 109 110 111 116 117 118 123 124 125 130 131 132 137 138 139 144 145 146 151 152 153 158 159 160 165 166 167 172 173 174 179 180 181 186 187 188 193 194 195 200
83 5 6 7 12 13 14 19 20 21 26 27 28 33 34 35 40 41 42 47 48 49 54 55 56 61 62 63 68 69 70 75 76 77 82 83 84 89 90 91 96 98 103 104 105 110 111 112 117 118 119 124 125 126 131 132 133 138 139 140 145 146 147 152 153 154 159 160 161 166 167 168 173 174 175 180 181 182 187 188 189 194 195 196
84 1 6 7 8 13 14 15 20 21 22 27 28 29 34 35 36 41 42 43 48 49 50 55 56 57 62 63 64 69 70 71 76 77 78 83 84 85 90 91 92 97 99 104 105 106 111 112 113 118 119 120 125 126 127 132 133 134 139 140 141 146 147 148 153 154 155 160 161 162 167 168 169 174 175 176 181 182 183 188 189 190 195 196 197
85 1 2 7 8 9 14 15 16 21 22 23 28 29 30 35 36 37 42 43 44 49 50 51 56 57 58 63 64 65 70 71 72 77 78 79 84 85 86 91 92 93 98 100 105 106 107 112 113 114 119 120 121 126 127 128 133 134 135 140 141 142 147 148 149 154 155 156 161 162 163 168 169 170 175 176 177 182 183 184 189 190 191 196 197 198
86 1 2 3 8 9 10 15 16 17 22 23 24 29 30 31 36 37 38 43 44 45 50 51 52 57 58 59 64 65 66 71 72 73 78 79 80 85 86 87 92 93 94 99 101 106 107 108 113 114 115 120 121 122 127 128 129 134 135 136 141 142 143 148 149 150 155 156 157 162 163 164 169 170 171 176 177 178 183 184 185 190 191 192 197 198 199
86 2 3 4 9 10 11 16 17 18 23 24 25 30 31 32 37 38 39 44 45 46 51 52 53 58 59 60 65 66 67 72 73 74 79 80 81 86 87 88 93 94 95 100 102 107 108 109 114 115 116 121 122 123 128 129 130 135 136 137 142 143 144 149 150 151 156 157 158 163 164 165 170 171 172 177 178 179 184 185 186 191 192 193 198 199 200
85 3 4 5 10 11 12 17 18 19 24 25 26 31 32 33 38 39 40 45 46 47 52 53 54 59 60 61 66 67 68 73 74 75 80 81 82 87 88 89 94 95 96 101 103 108 109 110 115 116 117 122 123 124 129 130 131 136 137 138 143 144 145 150 151 152 157 158 159 164 165 166 171 172 173 178 179 180 185 186 187 192 193 194 199 200
84 4 5 6 11 12 13 18 19 20 25 26 27 32 33 34 39 40 41 46 47 48 53 54 55 60 61 62 67 68 69 74 75 76 81 82 83 88 89 90 95 96 97 102 104 109 110 111 116 117 118 123 124 125 130 131 132 137 138 139 144 145 146 151 152 153 158 159 160 165 166 167 172 173 174 179 180 181 186 187 188 193 194 195 200
83 5 6 7 12 13 14 19 20 21 26 27 28 33 34 35 40 41 42 47 48 49 54 55 56 61 62 63 68 69 70 75 76 77 82 83 84 89 90 91 96 97 98 103 105 110 111 112 117 118 119 124 125 126 131 132 133 138 139 140 145 146 147 152 153 154 159 160 161 166 167 168 173 174 175 180 181 182 187 188 189 194 195 196
84 1 6 7 8 13 14 15 20 21 22 27 28 29 34 35 36 41 42 43 48 49 50 55 56 57 62 63 64 69 70 71 76 77 78 83 84 85 90 91 92 97 98 99 104 106 111 112 113 118 119 120 125 126 127 132 133 134 139 140 141 146 147 148 153 154 155 160 161 162 167 168 169 174 175 176 181 182 183 188 189 190 195 196 197
85 1 2 7 8 9 14 15 16 21 22 23 28 29 30 35 36 37 42 43 44 49 50 51 56 57 58 63 64 65 70 71 72 77 78 79 84 85 86 91 92 93 98 99 100 105 107 112 113 114 119 120 121 126 127 128 133 134 135 140 141 142 147 148 149 154 155 156 161 162 163 168 169 170 175 176 177 182 183 184 189 190 191 196 197 198
86 1 2 3 8 9 10 15 16 17 22 23 24 29 30 31 36 37 38 43 44 45 50 51 52 57 58 59 64 65 66 71 72 73 78 79 80 85 86 87 92 93 94 99 100 101 106 108 113 114 115 120 121 122 127 128 129 134 135 136 141 142 143 148 149 150 155 156 157 162 163 164 169 170 171 176 177 178 183 184 185 190 191 192 197 198 199
86 2 3 4 9 10 11 16 17 18 23 24 25 30 31 32 37 38 39 44 45 46 51 52 53 58 59 60 65 66 67 72 73 74 79 80 81 86 87 88 93 94 95 100 101 102 107 109 114 115 116 121 122 123 128 129 130 135 136 137 142 143 144 149 150 151 156 157 158 163 164 165 170 171 172 177 178 179 184 185 186 191 192 193 198 199 200
85 3 4 5 10 11 12 17 18 19 24 25 26 31 32 33 38 39 40 45 46 47 52 53 54 59 60 61 66 67 68 73 74 75 80 81 82 87 88 89 94 95 96 101 102 103 108 110 115 116 117 122 123 124 129 130 131 136 137 138 143 144 145 150 151 152 157 158 159 164 165 166 171 172 173 178 179 180 185 186 187 192 193 194 199 200
84 4 5 6 11 12 13 18 19 20 25 26 27 32 33 34 39 40 41 46 47 48 53 54 55 60 61 62 67 68 69 74 75 76 81 82 83 88 89 90 95 96 97 102 103 104 109 111 116 117 118 123 124 125 130 131 132 137 138 139 144 145 146 151 152 153 158 159 160 165 166 167 172 173 174 179 180 181 186 187 188 193 194 195 200
83 5 6 7 12 13 14 19 20 21 26 27 28 33 34 35 40 41 42 47 48 49 54 55 56 61 62 63 68 69 70 75 76 77 82 83 84 89 90 91 96 97 98 103 104 105 110 112 117 118 119 124 125 126 131 132 133 138 139 140 145 146 147 152 153 154 159 160 161 166 167 168 173 174 175 180 181 182 187 188 189 194 195 196
84 1 6 7 8 13 14 15 20 21 22 27 28 29 34 35 36 41 42 43 48 49 50 55 56 57 62 63 64 69 70 71 76 77 78 83 84 85 90 91 92 97 98 99 104 105 106 111 113 118 119 120 125 126 127 132 133 134 139 140 141 146 147 148 153 154 155 160 161 162 167 168 169 174 175 176 181 182 183 188 189 190 195 196 197
85 1 2 7 8 9 14 15 16 21 22 23 28 29 30 35 36 37 42 43 44 49 50 51 56 57 58 63 64 65 70 71 72 77 78 79 84 85 86 91 92 93 98 99 100 105 106 107 112 114 119 120 121 126 127 128 133 134 135 140 141 142 147 148 149 154 155 156 161 162 163 168 169 170 175 176 177 182 183 184 189 190 191 196 197 198
86 1 2 3 8 9 10 15 16 17 22 23 24 29 30 31 36 37 38 43 44 45 50 51 52 57 58 59 64 65 66 71 72 73 78 79 80 85 86 87 92 93 94 99 100 101 106 107 108 113 115 120 121 122 127 128 129 134 135 136 141 142 143 148 149 150 155 156 157 162 163 164 169 170 171 176 177 178 183 184 185 190 191 192 197 198 199
86 2 3 4 9 10 11 16 17 18 23 24 25 30 31 32 37 38 39 44 45 46 51 52 53 58 59 60 65 66 67 72 73 74 79 80 81 86 87 88 93 94 95 100 101 102 107 108 109 114 116 121 122 123 128 129 130 135 136 137 142 143 144 149 150 151 156 157 158 163 164 165 170 171 172 177 178 179 184 185 186 191 192 193 198 199 200
85 3 4 5 10 11 12 17 18 19 24 25 26 31 32 33 38 39 40 45 46 47 52 53 54 59 60 61 66 67 68 73 74 75 80 81 82 87 88 89 94 95 96 101 102 103 108 109 110 115 117 122 123 124 129 130 131 136 137 138 143 144 145 150 151 152 157 158 159 164 165 166 171 172 173 178 179 180 185 186 187 192 193 194 199 200
84 4 5 6 11 12 13 18 19 20 25 26 27 32 33 34 39 40 41 46 47 48 53 54 55 60 61 62 67 68 69 74 75 76 81 82 83 88 89 90 95 96 97 102 103 104 109 110 111 116 118 123 124 125 130 131 132 137 138 139 144 145 146 151 152 153 158 159 160 165 166 167 172 173 174 179 180 181 186 187 188 193 194 195 200
83 5 6 7 12 13 14 19 20 21 26 27 28 33 34 35 40 41 42 47 48 49 54 55 56 61 62 63 68 69 70 75 76 77 82 83 84 89 90 91 96 97 98 103 104 105 110 111 112 117 119 124 125 126 131 132 133 138 139 140 145 146 147 152 153 154 159 160 161 166 167 168 173 174 175 180 181 182 187 188 189 194 195 196
84 1 6 7 8 13 14 15 20 21 22 27 28 29 34 35 36 41 42 43 48 49 50 55 56 57 62 63 64 69 70 71 76 77 78 83 84 85 90 91 92 97 98 99 104 105 106 111 112 113 118 120 125 126 127 132 133 134 139 140 141 146 147 148 153 154 155 160 161 162 167 168 169 174 175 176 181 182 183 188 189 190 195 196 197
85 1 2 7 8 9 14 15 16 21 22 23 28 29 30 35 36 37 42 43 44 49 50 51 56 57 58 63 64 65 70 71 72 77 78 79 84 85 86 91 92 93 98 99 100 105 106 107 112 113 114 119 121 126 127 128 133 134 135 140 141 142 147 148 149 154 155 156 161 162 163 168 169 170 175 176 177 182 183 184 189 190 191 196 197 198
86 1 2 3 8 9 10 15 16 17 22 23 24 29 30 31 36 37 38 43 44 45 50 51 52 57 58 59 64 65 66 71 72 73 78 79 80 85 86 87 92 93 94 99 100 101 106 107 108 113 114 115 120 122 127 128 129 134 135 136 141 142 143 148 149 150 155 156 157 162 163 164 169 170 171 176 177 178 183 184 185 190 191 192 197 198 199
86 2 3 4 9 10 11 16 17 18 23 24 25 30 31 32 37 38 39 44 45 46 51 52 53 58 59 60 65 66 67 72 73 74 79 80 81 86 87 88 93 94 95 100 101 102 107 108 109 114 115 116 121 123 128 129 130 135 136 137 142 143 144 149 150 151 156 157 158 163 164 165 170 171 172 177 178 179 184 185 186 191 192 193 198 199 200
85 3 4 5 10 11 12 17 18 19 24 25 26 31 32 33 38 39 40 45 46 47 52 53 54 59 60 61 66 67 68 73 74 75 80 81 82 87 88 89 94 95 96 101 102 103 108 109 110 115 116 117 122 124 129 130 131 136 137 138 143 144 145 150 151 152 157 158 159 164 165 166 171 172 173 178 179 180 185 186 187 192 193 194 199 200
84 4 5 6 11 12 13 18 19 20 25 26 27 32 33 34 39 40 41 46 47 48 53 54 55 60 61 62 67 68 69 74 75 76 81 82 83 88 89 90 95 96 97 102 103 104 109 110 111 116 117 118 123 125 130 131 132 137 138 139 144 145 146 151 152 153 158 159 160 165 166 167 172 173 174 179 180 181 186 187 188 193 194 195 200
83 5 6 7 12 13 14 19 20 21 26 27 28 33 34 35 40 41 42 47 48 49 54 55 56 61 62 63 68 69 70 75 76 77 82 83 84 89 90 91 96 97 98 103 104 105 110 111 112 117 118 119 124 126 131 132 133 138 139 140 145 146 147 152 153 154 159 160 161 166 167 168 173 174 175 180 181 182 187 188 189 194 195 196
84 1 6 7 8 13 14 15 20 21 22 27 28 29 34 35 36 41 42 43 48 49 50 55 56 57 62 63 64 69 70 71 76 77 78 83 84 85 90 91 92 97 98 99 104 105 106 111 112 113 118 119 120 125 127 132 133 134 139 140 141 146 147 148 153 154 155 160 161 162 167 168 169 174 175 176 181 182 183 188 189 190 195 196 197
85 1 2 7 8 9 14 15 16 21 22 23 28 29 30 35 36 37 42 43 44 49 50 51 56 57 58 63 64 65 70 71 72 77 78 79 84 85 86 91 92 93 98 99 100 105 106 107 112 113 114 119 120 121 126 128 133 134 135 140 141 142 147 148 149 154 155 156 161 162 163 168 169 170 175 176 177 182 183 184 189 190 191 196 197 198
86 1 2 3 8 9 10 15 16 17 22 23 24 29 30 31 36 37 38 43 44 45 50 51 52 57 58 59 64 65 66 71 72 73 78 79 80 85 86 87 92 93 94 99 100 101 106 107 108 113 114 115 120 121 122 127 129 134 135 136 141 142 143 148 149 150 155 156 157 162 163 164 169 170 171 176 177 178 183 184 185 190 191 192 197 198 199
86 2 3 4 9 10 11 16 17 18 23 24 25 30 31 32 37 38 39 44 45 46 51 52 53 58 59 60 65 66 67 72 73 74 79 80 81 86 87 88 93 94 95 100 101 102 107 108 109 114 115 116 121 122 123 128 130 135 136 137 142 143 144 149 150 151 156 157 158 163 164 165 170 171 172 177 178 179 184 185 186 191 192 193 198 199 200
85 3 4 5 10 11 12 17 18 19 24 25 26 31 32 33 38 39 40 45 46 47 52 53 54 59 60 61 66 67 68 73 74 75 80 81 82 87 88 89 94 95 96 101 102 103 108 109 110 115 116 117 122 123 124 129 131 136 137 138 143 144 145 150 151 152 157 158 159 164 165 166 171 172 173 178 179 180 185 186 187 192 193 194 199 200
84 4 5 6 11 12 13 18 19 20 25 26 27 32 33 34 39 40 41 46 47 48 53 54 55 60 61 62 67 68 69 74 75 76 81 82 83 88 89 90 95 96 97 102 103 104 109 110 111 116 117 118 123 124 125 130 132 137 138 139 144 145 146 151 152 153 158 159 160 165 166 167 172 173 174 179 180 181 186 187 188 193 194 195 200
83 5 6 7 12 13 14 19 20 21 26 27 28 33 34 35 40 41 42 47 48 49 54 55 56 61 62 63 68 69 70 75 76 77 82 83 84 89 90 91 96 97 98 103 104 105 110 111 112 117 118 119 124 125 126 131 133 138 139 140 145 146 147 152 153 154 159 160 161 166 167 168 173 174 175 180 181 182 187 188 189 194 195 196
84 1 6 7 8 13 14 15 20 21 22 27 28 29 34 35 36 41 42 43 48 49 50 55 56 57 62 63 64 69 70 71 76 77 78 83 84 85 90 91 92 97 98 99 104 105 106 111 112 113 118 119 120 125 126 127 132 134 139 140 141 146 147 148 153 154 155 160 161 162 167 168 169 174 175 176 181 182 183 188 189 190 195 196 197
85 1 2 7 8 9 14 15 16 21 22 23 28 29 30 35 36 37 42 43 44 49 50 51 56 57 58 63 64 65 70 71 72 77 78 79 84 85 86 91 92 93 98 99 100 105 106 107 112 113 114 119 120 121 126 127 128 133 135 140 141 142 147 148 149 154 155 156 161 162 163 168 169 170 175 176 177 182 183 184 189 190 191 196 197 198
86 1 2 3 8 9 10 15 16 17 22 23 24 29 30 31 36 37 38 43 44 45 50 51 52 57 58 59 64 65 66 71 72 73 78 79 80 85 86 87 92 93 94 99 100 101 106 107 108 113 114 115 120 121 122 127 128 129 134 136 141 142 143 148 149 150 155 156 157 162 163 164 169 170 171 176 177 178 183 184 185 190 191 192 197 198 199
86 2 3 4 9 10 11 16 17 18 23 24 25 30 31 32 37 38 39 44 45 46 51 52 53 58 59 60 65 66 67 72 73 74 79 80 81 86 87 88 93 94 95 100 101 102 107 108 109 114 115 116 121 122 123 128 129 130 135 137 142 143 144 149 150 151 156 157 158 163 164 165 170 171 172 177 178 179 184 185 186 191 192 193 198 199 200
85 3 4 5 10 11 12 17 18 19 24 25 26 31 32 33 38 39 40 45 46 47 52 53 54 59 60 61 66 67 68 73 74 75 80 81 82 87 88 89 94 95 96 101 102 103 108 109 110 115 116 117 122 123 124 129 130 131 136 138 143 144 145 150 151 152 157 158 159 164 165 166 171 172 173 178 179 180 185 186 187 192 193 194 199 200
84 4 5 6 11 12 13 18 19 20 25 26 27 32 33 34 39 40 41 46 47 48 53 54 55 60 61 62 67 68 69 74 75 76 81 82 83 88 89 90 95 96 97 102 103 104 109 110 111 116 117 118 123 124 125 130 131 132 137 139 144 145 146 151 152 153 158 159 160 165 166 167 172 173 174 179 180 181 186 187 188 193 194 195 200
83 5 6 7 12 13 14 19 20 21 26 27 28 33 34 35 40 41 42 47 48 49 54 55 56 61 62 63 68 69 70 75 76 77 82 83 84 89 90 91 96 97 98 103 104 105 110 111 112 117 118 119 124 125 126 131 132 133 138 140 145 146 147 152 153 154 159 160 161 166 167 168 173 174 175 180 181 182 187 188 189 194 195 196
84 1 6 7 8 13 14 15 20 21 22 27 28 29 34 35 36 41 42 43 48 49 50 55 56 57 62 63 64 69 70 71 76 77 78 83 84 85 90 91 92 97 98 99 104 105 106 111 112 113 118 119 120 125 126 127 132 133 134 139 141 146 147 148 153 154 155 160 161 162 167 168 169 174 175 176 181 182 183 188 189 190 195 196 197
85 1 2 7 8 9 14 15 16 21 22 23 28 29 30 35 36 37 42 43 44 49 50 51 56 57 58 63 64 65 70 71 72 77 78 79 84 85 86 91 92 93 98 99 100 105 106 107 112 113 114 119 120 121 126 127 128 133 134 135 140 142 147 148 149 154 155 156 161 162 163 168 169 170 175 176 177 182 183 184 189 190 191 196 197 198
86 1 2 3 8 9 10 15 16 17 22 23 24 29 30 31 36 37 38 43 44 45 50 51 52 57 58 59 64 65 66 71 72 73 78 79 80 85 86 87 92 93 94 99 100 101 106 107 108 113 114 115 120 121 122 127 128 129 134 135 136 141 143 148 149 150 155 156 157 162 163 164 169 170 171 176 177 178 183 184 185 190 191 192 197 198 199
86 2 3 4 9 10 11 16 17 18 23 24 25 30 31 32 37 38 39 44 45 46 51 52 53 58 59 60 65 66 67 72 73 74 79 80 81 86 87 88 93 94 95 100 101 102 107 108 109 114 115 116 121 122 123 128 129 130 135 136 137 142 144 149 150 151 156 157 158 163 164 165 170 171 172 177 178 179 184 185 186 191 192 193 198 199 200
85 3 4 5 10 11 12 17 18 19 24 25 26 31 32 33 38 39 40 45 46 47 52 53 54 59 60 61 66 67 68 73 74 75 80 81 82 87 88 89 94 95 96 101 102 103 108 109 110 115 116 117 122 123 124 129 130 131 136 137 138 143 145 150 151 152 157 158 159 164 165 166 171 172 173 178 179 180 185 186 187 192 193 194 199 200
84 4 5 6 11 12 13 18 19 20 25 26 27 32 33 34 39 40 41 46 47 48 53 54 55 60 61 62 67 68 69 74 75 76 81 82 83 88 89 90 95 96 97 102 103 104 109 110 111 116 117 118 123 124 125 130 131 132 137 138 139 144 146 151 152 153 158 159 160 165 166 167 172 173 174 179 180 181 186 187 188 193 194 195 200
83 5 6 7 12 13 14 19 20 21 26 27 28 33 34 35 40 41 42 47 48 49 54 55 56 61 62 63 68 69 70 75 76 77 82 83 84 89 90 91 96 97 98 103 104 105 110 111 112 117 118 119 124 125 126 131 132 133 138 139 140 145 147 152 153 154 159 160 161 166 167 168 173 174 175 180 181 182 187 188 189 194 195 196
84 1 6 7 8 13 14 15 20 21 22 27 28 29 34 35 36 41 42 43 48 49 50 55 56 57 62 63 64 69 70 71 76 77 78 83 84 85 90 91 92 97 98 99 104 105 106 111 112 113 118 119 120 125 126 127 132 133 134 139 140 141 146 148 153 154 155 160 161 162 167 168 169 174 175 176 181 182 183 188 189 190 195 196 197
85 1 2 7 8 9 14 15 16 21 22 23 28 29 30 35 36 37 42 43 44 49 50 51 56 57 58 63 64 65 70 71 72 77 78 79 84 85 86 91 92 93 98 99 100 105 106 107 112 113 114 119 120 121 126 127 128 133 134 135 140 141 142 147 149 154 155 156 161 162 163 168 169 170 175 176 177 182 183 184 189 190 191 196 197 198
86 1 2 3 8 9 10 15 16 17 22 23 24 29 30 31 36 37 38 43 44 45 50 51 52 57 58 59 64 65 66 71 72 73 78 79 80 85 86 87 92 93 94 99 100 101 106 107 108 113 114 115 120 121 122 127 128 129 134 135 136 141 142 143 148 150 155 156 157 162 163 164 169 170 171 176 177 178 183 184 185 190 191 192 197 198 199
86 2 3 4 9 10 11 16 17 18 23 24 25 30 31 32 37 38 39 44 45 46 51 52 53 58 59 60 65 66 67 72 73 74 79 80 81 86 87 88 93 94 95 100 101 102 107 108 109 114 115 116 121 122 123 128 129 130 135 136 137 142 143 144 149 151 156 157 158 163 164 165 170 171 172 177 178 179 184 185 186 191 192 193 198 199 200
85 3 4 5 10 11 12 17 18 19 24 25 26 31 32 33 38 39 40 45 46 47 52 53 54 59 60 61 66 67 68 73 74 75 80 81 82 87 88 89 94 95 96 101 102 103 108 109 110 115 116 117 122 123 124 129 130 131 136 137 138 143 144 145 150 152 157 158 159 164 165 166 171 172 173 178 179 180 185 186 187 192 193 194 199 200
84 4 5 6 11 12 13 18 19 20 25 26 27 32 33 34 39 40 41 46 47 48 53 54 55 60 61 62 67 68 69 74 75 76 81 82 83 88 89 90 95 96 97 102 103 104 109 110 111 116 117 118 123 124 125 130 131 132 137 138 139 144 145 146 151 153 158 159 160 165 166 167 172 173 174 179 180 181 186 187 188 193 194 195 200
83 5 6 7 12 13 14 19 20 21 26 27 28 33 34 35 40 41 42 47 48 49 54 55 56 61 62 63 68 69 70 75 76 77 82 83 84 89 90 91 96 97 98 103 104 105 110 111 112 117 118 119 124 125 126 131 132 133 138 139 140 145 146 147 152 154 159 160 161 166 167 168 173 174 175 180 181 182 187 188 189 194 195 196
84 1 6 7 8 13 14 15 20 21 22 27 28 29 34 35 36 41 42 43 48 49 50 55 56 57 62 63 64 69 70 71 76 77 78 83 84 85 90 91 92 97 98 99 104 105 106 111 112 113 118 119 120 125 126 127 132 133 134 139 140 141 146 147 148 153 155 160 161 162 167 168 169 174 175 176 181 182 183 188 189 190 195 196 197
85 1 2 7 8 9 14 15 16 21 22 23 28 29 30 35 36 37 42 43 44 49 50 51 56 57 58 63 64 65 70 71 72 77 78 79 84 85 86 91 92 93 98 99 100 105 106 107 112 113 114 119 120 121 126 127 128 133 134 135 140 141 142 147 148 149 154 156 161 162 163 168 169 170 175 176 177 182 183 184 189 190 191 196 197 198
86 1 2 3 8 9 10 15 16 17 22 23 24 29 30 31 36 37 38 43 44 45 50 51 52 57 58 59 64 65 66 71 72 73 78 79 80 85 86 87 92 93 94 99 100 101 106 107 108 113 114 115 120 121 122 127 128 129 134 135 136 141 142 143 148 149 150 155 157 162 163 164 169 170 171 176 177 178 183 184 185 190 191 192 197 198 199
86 2 3 4 9 10 11 16 17 18 23 24 25 30 31 32 37 38 39 44 45 46 51 52 53 58 59 60 65 66 67 72 73 74 79 80 81 86 87 88 93 94 95 100 101 102 107 108 109 114 115 116 121 122 123 128 129 130 135 136 137 142 143 144 149 150 151 156 158 163 164 165 170 171 172 177 178 179 184 185 186 191 192 193 198 199 200
85 3 4 5 10 11 12 17 18 19 24 25 26 31 32 33 38 39 40 45 46 47 52 53 54 59 60 61 66 67 68 73 74 75 80 81 82 87 88 89 94 95 96 101 102 103 108 109 110 115 116 117 122 123 124 129 130 131 136 137 138 143 144 145 150 151 152 157 159 164 165 166 171 172 173 178 179 180 185 186 187 192 193 194 199 200
84 4 5 6 11 12 13 18 19 20 25 26 27 32 33 34 39 40 41 46 47 48 53 54 55 60 61 62 67 68 69 74 75 76 81 82 83 88 89 90 95 96 97 102 103 104 109 110 111 116 117 118 123 124 125 130 131 132 137 138 139 144 145 146 151 152 153 158 160 165 166 167 172 173 174 179 180 181 186 187 188 193 194 195 200
83 5 6 7 12 13 14 19 20 21 26 27 28 33 34 35 40 41 42 47 48 49 54 55 56 61 62 63 68 69 70 75 76 77 82 83 84 89 90 91 96 97 98 103 104 105 110 111 112 117 118 119 124 125 126 131 132 133 138 139 140 145 146 147 152 153 154 159 161 166 167 168 173 174 175 180 181 182 187 188 189 194 195 196
84 1 6 7 8 13 14 15 20 21 22 27 28 29 34 35 36 41 42 43 48 49 50 55 56 57 62 63 64 69 70 71 76 77 78 83 84 85 90 91 92 97 98 99 104 105 106 111 112 113 118 119 120 125 126 127 132 133 134 139 140 141 146 147 148 153 154 155 160 162 167 168 169 174 175 176 181 182 183 188 189 190 195 196 197
85 1 2 7 8 9 14 15 16 21 22 23 28 29 30 35 36 37 42 43 44 49 50 51 56 57 58 63 64 65 70 71 72 77 78 79 84 85 86 91 92 93 98 99 100 105 106 107 112 113 114 119 120 121 126 127 128 133 134 135 140 141 142 147 148 149 154 155 156 161 163 168 169 170 175 176 177 182 183 184 189 190 191 196 197 198
86 1 2 3 8 9 10 15 16 17 22 23 24 29 30 31 36 37 38 43 44 45 50 51 52 57 58 59 64 65 66 71 72 73 78 79 80 85 86 87 92 93 94 99 100 101 106 107 108 113 114 115 120 121 122 127 128 129 134 135 136 141 142 143 148 149 150 155 156 157 162 164 169 170 171 176 177 178 183 184 185 190 191 192 197 198 199
86 2 3 4 9 10 11 16 17 18 23 24 25 30 31 32 37 38 39 44 45 46 51 52 53 58 59 60 65 66 67 72 73 74 79 80 81 86 87 88 93 94 95 100 101 102 107 108 109 114 115 116 121 122 123 128 129 130 135 136 137 142 143 144 149 150 151 156 157 158 163 165 170 171 172 177 178 179 184 185 186 191 192 193 198 199 200
85 3 4 5 10 11 12 17 18 19 24 25 26 31 32 33 38 39 40 45 46 47 52 53 54 59 60 61 66 67 68 73 74 75 80 81 82 87 88 89 94 95 96 101 102 103 108 109 110 115 116 117 122 123 124 129 130 131 136 137 138 143 144 145 150 151 152 157 158 159 164 166 171 172 173 178 179 180 185 186 187 192 193 194 199 200
84 4 5 6 11 12 13 18 19 20 25 26 27 32 33 34 39 40 41 46 47 48 53 54 55 60 61 62 67 68 69 74 75 76 81 82 83 88 89 90 95 96 97 102 103 104 109 110 111 116 117 118 123 124 125 130 131 132 137 138 139 144 145 146 151 152 153 158 159 160 165 167 172 173 174 179 180 181 186 187 188 193 194 195 200
83 5 6 7 12 13 14 19 20 21 26 27 28 33 34 35 40 41 42 47 48 49 54 55 56 61 62 63 68 69 70 75 76 77 82 83 84 89 90 91 96 97 98 103 104 105 110 111 112 117 118 119 124 125 126 131 132 133 138 139 140 145 146 147 152 153 154 159 160 161 166 168 173 174 175 180 181 182 187 188 189 194 195 196
84 1 6 7 8 13 14 15 20 21 22 27 28 29 34 35 36 41 42 43 48 49 50 55 56 57 62 63 64 69 70 71 76 77 78 83 84 85 90 91 92 97 98 99 104 105 106 111 112 113 118 119 120 125 126 127 132 133 134 139 140 141 146 147 148 153 154 155 160 161 162 167 169 174 175 176 181 182 183 188 189 190 195 196 197
85 1 2 7 8 9 14 15 16 21 22 23 28 29 30 35 36 37 42 43 44 49 50 51 56 57 58 63 64 65 70 71 72 77 78 79 84 85 86 91 92 93 98 99 100 105 106 107 112 113 114 119 120 121 126 127 128 133 134 135 140 141 142 147 148 149 154 155 156 161 162 163 168 170 175 176 177 182 183 184 189 190 191 196 197 198
86 1 2 3 8 9 10 15 16 17 22 23 24 29 30 31 36 37 38 43 44 45 50 51 52 57 58 59 64 65 66 71 72 73 78 79 80 85 86 87 92 93 94 99 100 101 106 107 108 113 114 115 120 121 122 127 128 129 134 135 136 141 142 143 148 149 150 155 156 157 162 163 164 169 171 176 177 178 183 184 185 190 191 192 197 198 199
86 2 3 4 9 10 11 16 17 18 23 24 25 30 31 32 37 38 39 44 45 46 51 52 53 58 59 60 65 66 67 72 73 74 79 80 81 86 87 88 93 94 95 100 101 102 107 108 109 114 115 116 121 122 123 128 129 130 135 136 137 142 143 144 149 150 151 156 157 158 163 164 165 170 172 177 178 179 184 185 186 191 192 193 198 199 200
85 3 4 5 10 11 12 17 18 19 24 25 26 31 32 33 38 39 40 45 46 47 52 53 54 59 60 61 66 67 68 73 74 75 80 81 82 87 88 89 94 95 96 101 102 103 108 109 110 115 116 117 122 123 124 129 130 131 136 137 138 143 144 145 150 151 152 157 158 159 164 165 166 171 173 178 179 180 185 186 187 192 193 194 199 200
84 4 5 6 11 12 13 18 19 20 25 26 27 32 33 34 39 40 41 46 47 48 53 54 55 60 61 62 67 68 69 74 75 76 81 82 83 88 89 90 95 96 97 102 103 104 109 110 111 116 117 118 123 124 125 130 131 132 137 138 139 144 145 146 151 152 153 158 159 160 165 166 167 172 174 179 180 181 186 187 188 193 194 195 200
83 5 6 7 12 13 14 19 20 21 26 27 28 33 34 35 40 41 42 47 48 49 54 55 56 61 62 63 68 69 70 75 76 77 82 83 84 89 90 91 96 97 98 103 104 105 110 111 112 117 118 119 124 125 126 131 132 133 138 139 140 145 146 147 152 153 154 159 160 161 166 167 168 173 175 180 181 182 187 188 189 194 195 196
84 1 6 7 8 13 14 15 20 21 22 27 28 29 34 35 36 41 42 43 48 49 50 55 56 57 62 63 64 69 70 71 76 77 78 83 84 85 90 91 92 97 98 99 104 105 106 111 112 113 118 119 120 125 126 127 132 133 134 139 140 141 146 147 148 153 154 155 160 161 162 167 168 169 174 176 181 182 183 188 189 190 195 196 197
85 1 2 7 8 9 14 15 16 21 22 23 28 29 30 35 36 37 42 43 44 49 50 51 56 57 58 63 64 65 70 71 72 77 78 79 84 85 86 91 92 93 98 99 100 105 106 107 112 113 114 119 120 121 126 127 128 133 134 135 140 141 142 147 148 149 154 155 156 161 162 163 168 169 170 175 177 182 183 184 189 190 191 196 197 198
86 1 2 3 8 9 10 15 16 17 22 23 24 29 30 31 36 37 38 43 44 45 50 51 52 57 58 59 64 65 66 71 72 73 78 79 80 85 86 87 92 93 94 99 100 101 106 107 108 113 114 115 120 121 122 127 128 129 134 135 136 141 142 143 148 149 150 155 156 157 162 163 164 169 170 171 176 178 183 184 185 190 191 192 197 198 199
86 2 3 4 9 10 11 16 17 18 23 24 25 30 31 32 37 38 39 44 45 46 51 52 53 58 59 60 65 66 67 72 73 74 79 80 81 86 87 88 93 94 95 100 101 102 107 108 109 114 115 116 121 122 123 128 129 130 135 136 137 142 143 144 149 150 151 156 157 158 163 164 165 170 171 172 177 179 184 185 186 191 192 193 198 199 200
85 3 4 5 10 11 12 17 18 19 24 25 26 31 32 33 38 39 40 45 46 47 52 53 54 59 60 61 66 67 68 73 74 75 80 81 82 87 88 89 94 95 96 101 102 103 108 109 110 115 116 117 122 123 124 129 130 131 136 137 138 143 144 145 150 151 152 157 158 159 164 165 166 171 172 173 178 180 185 186 187 192 193 194 199 200
84 4 5 6 11 12 13 18 19 20 25 26 27 32 33 34 39 40 41 46 47 48 53 54 55 60 61 62 67 68 69 74 75 76 81 82 83 88 89 90 95 96 97 102 103 104 109 110 111 116 117 118 123 124 125 130 131 132 137 138 139 144 145 146 151 152 153 158 159 160 165 166 167 172 173 174 179 181 186 187 188 193 194 195 200
83 5 6 7 12 13 14 19 20 21 26 27 28 33 34 35 40 41 42 47 48 49 54 55 56 61 62 63 68 69 70 75 76 77 82 83 84 89 90 91 96 97 98 103 104 105 110 111 112 117 118 119 124 125 126 131 132 133 138 139 140 145 146 147 152 153 154 159 160 161 166 167 168 173 174 175 180 182 187 188 189 194 195 196
84 1 6 7 8 13 14 15 20 21 22 27 28 29 34 35 36 41 42 43 48 49 50 55 56 57 62 63 64 69 70 71 76 77 78 83 84 85 90 91 92 97 98 99 104 105 106 111 112 113 118 119 120 125 126 127 132 133 134 139 140 141 146 147 148 153 154 155 160 161 162 167 168 169 174 175 176 181 183 188 189 190 195 196 197
85 1 2 7 8 9 14 15 16 21 22 23 28 29 30 35 36 37 42 43 44 49 50 51 56 57 58 63 64 65 70 71 72 77 78 79 84 85 86 91 92 93 98 99 100 105 106 107 112 113 114 119 120 121 126 127 128 133 134 135 140 141 142 147 148 149 154 155 156 161 162 163 168 169 170 175 176 177 182 184 189 190 191 196 197 198
86 1 2 3 8 9 10 15 16 17 22 23 24 29 30 31 36 37 38 43 44 45 50 51 52 57 58 59 64 65 66 71 72 73 78 79 80 85 86 87 92 93 94 99 100 101 106 107 108 113 114 115 120 121 122 127 128 129 134 135 136 141 142 143 148 149 150 155 156 157 162 163 164 169 170 171 176 177 178 183 185 190 191 192 197 198 199
86 2 3 4 9 10 11 16 17 18 23 24 25 30 31 32 37 38 39 44 45 46 51 52 53 58 59 60 65 66 67 72 73 74 79 80 81 86 87 88 93 94 95 100 101 102 107 108 109 114 115 116 121 122 123 128 129 130 135 136 137 142 143 144 149 150 151 156 157 158 163 164 165 170 171 172 177 178 179 184 186 191 192 193 198 199 200
85 3 4 5 10 11 12 17 18 19 24 25 26 31 32 33 38 39 40 45 46 47 52 53 54 59 60 61 66 67 68 73 74 75 80 81 82 87 88 89 94 95 96 101 102 103 108 109 110 115 116 117 122 123 124 129 130 131 136 137 138 143 144 145 150 151 152 157 158 159 164 165 166 171 172 173 178 179 180 185 187 192 193 194 199 200
84 4 5 6 11 12 13 18 19 20 25 26 27 32 33 34 39 40 41 46 47 48 53 54 55 60 61 62 67 68 69 74 75 76 81 82 83 88 89 90 95 96 97 102 103 104 109 110 111 116 117 118 123 124 125 130 131 132 137 138 139 144 145 146 151 152 153 158 159 160 165 166 167 172 173 174 179 180 181 186 188 193 194 195 200
83 5 6 7 12 13 14 19 20 21 26 27 28 33 34 35 40 41 42 47 48 49 54 55 56 61 62 63 68 69 70 75 76 77 82 83 84 89 90 91 96 97 98 103 104 105 110 111 112 117 118 119 124 125 126 131 132 133 138 139 140 145 146 147 152 153 154 159 160 161 166 167 168 173 174 175 180 181 182 187 189 194 195 196
84 1 6 7 8 13 14 15 20 21 22 27 28 29 34 35 36 41 42 43 48 49 50 55 56 57 62 63 64 69 70 71 76 77 78 83 84 85 90 91 92 97 98 99 104 105 106 111 112 113 118 119 120 125 126 127 132 133 134 139 140 141 146 147 148 153 154 155 160 161 162 167 168 169 174 175 176 181 182 183 188 190 195 196 197
85 1 2 7 8 9 14 15 16 21 22 23 28 29 30 35 36 37 42 43 44 49 50 51 56 57 58 63 64 65 70 71 72 77 78 79 84 85 86 91 92 93 98 99 100 105 106 107 112 113 114 119 120 121 126 127 128 133 134 135 140 141 142 147 148 149 154 155 156 161 162 163 168 169 170 175 176 177 182 183 184 189 191 196 197 198
86 1 2 3 8 9 10 15 16 17 22 23 24 29 30 31 36 37 38 43 44 45 50 51 52 57 58 59 64 65 66 71 72 73 78 79 80 85 86 87 92 93 94 99 100 101 106 107 108 113 114 115 120 121 122 127 128 129 134 135 136 141 142 143 148 149 150 155 156 157 162 163 164 169 170 171 176 177 178 183 184 185 190 192 197 198 199
86 2 3 4 9 10 11 16 17 18 23 24 25 30 31 32 37 38 39 44 45 46 51 52 53 58 59 60 65 66 67 72 73 74 79 80 81 86 87 88 93 94 95 100 101 102 107 108 109 114 115 116 121 122 123 128 129 130 135 136 137 142 143 144 149 150 151 156 157 158 163 164 165 170 171 172 177 178 179 184 185 186 191 193 198 199 200
85 3 4 5 10 11 12 17 18 19 24 25 26 31 32 33 38 39 40 45 46 47 52 53 54 59 60 61 66 67 68 73 74 75 80 81 82 87 88 89 94 95 96 101 102 103 108 109 110 115 116 117 122 123 124 129 130 131 136 137 138 143 144 145 150 151 152 157 158 159 164 165 166 171 172 173 178 179 180 185 186 187 192 194 199 200
84 4 5 6 11 12 13 18 19 20 25 26 27 32 33 34 39 40 41 46 47 48 53 54 55 60 61 62 67 68 69 74 75 76 81 82 83 88 89 90 95 96 97 102 103 104 109 110 111 116 117 118 123 124 125 130 131 132 137 138 139 144 145 146 151 152 153 158 159 160 165 166 167 172 173 174 179 180 181 186 187 188 193 195 200
83 5 6 7 12 13 14 19 20 21 26 27 28 33 34 35 40 41 42 47 48 49 54 55 56 61 62 63 68 69 70 75 76 77 82 83 84 89 90 91 96 97 98 103 104 105 110 111 112 117 118 119 124 125 126 131 132 133 138 139 140 145 146 147 152 153 154 159 160 161 166 167 168 173 174 175 180 181 182 187 188 189 194 196
84 1 6 7 8 13 14 15 20 21 22 27 28 29 34 35 36 41 42 43 48 49 50 55 56 57 62 63 64 69 70 71 76 77 78 83 84 85 90 91 92 97 98 99 104 105 106 111 112 113 118 119 120 125 126 127 132 133 134 139 140 141 146 147 148 153 154 155 160 161 162 167 168 169 174 175 176 181 182 183 188 189 190 195 197
85 1 2 7 8 9 14 15 16 21 22 23 28 29 30 35 36 37 42 43 44 49 50 51 56 57 58 63 64 65 70 71 72 77 78 79 84 85 86 91 92 93 98 99 100 105 106 107 112 113 114 119 120 121 126 127 128 133 134 135 140 141 142 147 148 149 154 155 156 161 162 163 168 169 170 175 176 177 182 183 184 189 190 191 196 198
86 1 2 3 8 9 10 15 16 17 22 23 24 29 30 31 36 37 38 43 44 45 50 51 52 57 58 59 64 65 66 71 72 73 78 79 80 85 86 87 92 93 94 99 100 101 106 107 108 113 114 115 120 121 122 127 128 129 134 135 136 141 142 143 148 149 150 155 156 157 162 163 164 169 170 171 176 177 178 183 184 185 190 191 192 197 199
86 2 3 4 9 10 11 16 17 18 23 24 25 30 31 32 37 38 39 44 45 46 51 52 53 58 59 60 65 66 67 72 73 74 79 80 81 86 87 88 93 94 95 100 101 102 107 108 109 114 115 116 121 122 123 128 129 130 135 136 137 142 143 144 149 150 151 156 157 158 163 164 165 170 171 172 177 178 179 184 185 186 191 192 193 198 200
85 3 4 5 10 11 12 17 18 19 24 25 26 31 32 33 38 39 40 45 46 47 52 53 54 59 60 61 66 67 68 73 74 75 80 81 82 87 88 89 94 95 96 101 102 103 108 109 110 115 116 117 122 123 124 129 130 131 136 137 138 143 144 145 150 151 152 157 158 159 164 165 166 171 172 173 178 179 180 185 186 187 192 193 194 199
-1