171
124 8 12 13 14 15 16 17 19 20 21 22 23 24 25 26 27 30 34 37 41 44 48 49 50 51 52 53 54 55 56 57 58 59 60 61 62 63 64 67 71 72 73 74 75 76 78 79 80 81 82 83 84 85 86 87 88 89 90 91 92 93 94 95 96 97 98 99 100 101 102 103 104 105 106 107 108 109 110 111 112 113 114 115 116 117 118 119 120 121 122 123 124 125 126 127 128 129 130 131 132 133 134 137 141 144 148 149 150 151 152 153 154 155 156 157 158 159 160 161 162 163 164 167 171
124 6 11 13 14 15 16 17 18 19 20 22 23 24 25 26 27 28 33 35 40 42 47 49 50 51 52 53 54 55 56 57 58 59 60 61 62 63 64 65 70 72 73 74 75 76 77 78 79 81 82 83 84 85 86 87 88 89 90 91 92 93 94 95 96 97 98 99 100 101 102 103 104 105 106 107 108 109 110 111 112 113 114 115 116 117 118 119 120 121 122 123 124 125 126 127 128 129 130 131 132 133 134 135 140 142 147 149 150 151 152 153 154 155 156 157 158 159 160 161 162 163 164 165 170
124 6 8 13 14 15 16 17 18 19 20 21 23 24 25 26 27 28 30 35 37 42 44 49 50 51 52 53 54 55 56 57 58 59 60 61 62 63 64 65 67 72 73 74 75 76 77 78 79 80 82 83 84 85 86 87 88 89 90 91 92 93 94 95 96 97 98 99 100 101 102 103 104 105 106 107 108 109 110 111 112 113 114 115 116 117 118 119 120 121 122 123 124 125 126 127 128 129 130 131 132 133 134 135 137 142 144 149 150 151 152 153 154 155 156 157 158 159 160 161 162 163 164 165 167
124 6 9 13 14 15 16 17 18 19 20 21 22 24 25 26 27 28 31 35 38 42 45 49 50 51 52 53 54 55 56 57 58 59 60 61 62 63 64 65 68 72 73 74 75 76 77 78 79 80 81 83 84 85 86 87 88 89 90 91 92 93 94 95 96 97 98 99 100 101 102 103 104 105 106 107 108 109 110 111 112 113 114 115 116 117 118 119 120 121 122 123 124 125 126 127 128 129 130 131 132 133 134 135 138 142 145 149 150 151 152 153 154 155 156 157 158 159 160 161 162 163 164 165 168
124 7 8 13 14 15 16 17 18 19 20 21 22 23 24 25 27 29 30 36 37 43 44 49 50 51 52 53 54 55 56 57 58 59 60 61 62 63 64 66 67 72 73 74 75 76 77 78 79 80 81 82 83 84 86 87 88 89 90 91 92 93 94 95 96 97 98 99 100 101 102 103 104 105 106 107 108 109 110 111 112 113 114 115 116 117 118 119 120 121 122 123 124 125 126 127 128 129 130 131 132 133 134 136 137 143 144 149 150 151 152 153 154 155 156 157 158 159 160 161 162 163 164 166 167
124 2 3 4 8 9 11 16 20 21 22 23 24 29 30 31 32 33 34 37 38 39 40 44 45 46 47 49 53 57 58 59 60 61 65 66 67 68 69 70 71 72 73 74 75 76 77 78 79 80 81 82 83 84 85 86 87 88 90 91 92 93 94 95 96 97 98 99 100 101 102 103 104 105 106 107 108 109 110 111 112 113 114 115 116 117 118 119 120 121 122 123 124 125 126 127 128 129 130 131 132 133 134 137 138 139 140 144 145 146 147 149 153 157 158 159 160 161 165 166 167 168 169 170 171
112 5 8 16 20 24 25 26 27 28 30 31 32 33 34 37 41 44 48 49 53 57 61 62 63 64 65 66 67 68 69 70 71 72 73 74 75 76 77 78 79 80 81 82 83 84 85 86 87 88 89 90 91 92 94 95 96 97 98 99 100 101 102 103 104 105 106 107 108 109 110 111 112 113 114 115 116 117 118 119 120 121 122 123 124 125 126 127 128 129 130 131 132 133 134 137 141 144 148 149 153 157 161 162 163 164 165 166 167 168 169 170 171
124 1 3 5 6 7 12 13 14 15 18 22 26 28 29 31 32 33 34 35 36 39 41 42 43 46 48 49 50 51 52 55 59 63 65 66 67 68 69 70 71 72 73 74 75 76 77 78 79 80 81 82 83 84 85 86 87 88 89 90 91 92 93 94 96 97 98 99 100 101 102 103 104 105 106 107 108 109 110 111 112 113 114 115 116 117 118 119 120 121 122 123 124 125 126 127 128 129 130 131 132 133 134 135 136 139 141 142 143 146 148 149 150 151 152 155 159 163 165 166 167 168 169 170 171
112 4 6 13 14 15 19 23 27 28 29 30 32 33 34 35 40 42 47 49 50 51 52 56 60 64 65 66 67 68 69 70 71 72 73 74 75 76 77 78 79 80 81 82 83 84 85 86 87 88 89 90 91 92 93 94 95 97 98 99 100 101 102 103 104 105 106 107 108 109 110 111 112 113 114 115 116 117 118 119 120 121 122 123 124 125 126 127 128 129 130 131 132 133 134 135 140 142 147 149 150 151 152 156 160 164 165 166 167 168 169 170 171
110 13 14 15 16 20 24 28 29 30 31 33 34 35 37 42 44 49 50 51 52 53 57 61 65 66 67 68 69 70 71 72 73 74 75 76 77 78 79 80 81 82 83 84 85 86 87 88 89 90 91 92 93 94 95 96 98 99 100 101 102 103 104 105 106 107 108 109 110 111 112 113 114 115 116 117 118 119 120 121 122 123 124 125 126 127 128 129 130 131 132 133 134 135 137 142 144 149 150 151 152 153 157 161 165 166 167 168 169 170 171
112 2 6 13 14 15 17 21 25 28 29 30 31 32 34 35 38 42 45 49 50 51 52 54 58 62 65 66 67 68 69 70 71 72 73 74 75 76 77 78 79 80 81 82 83 84 85 86 87 88 89 90 91 92 93 94 95 96 97 99 100 101 102 103 104 105 106 107 108 109 110 111 112 113 114 115 116 117 118 119 120 121 122 123 124 125 126 127 128 129 130 131 132 133 134 135 138 142 145 149 150 151 152 154 158 162 165 166 167 168 169 170 171
112 1 8 16 17 18 19 20 24 28 29 30 31 32 33 36 37 43 44 49 53 54 55 56 57 61 65 66 67 68 69 70 71 72 73 74 75 76 77 78 79 80 81 82 83 84 85 86 87 88 89 90 91 92 93 94 95 96 97 98 99 100 102 103 104 105 106 107 108 109 110 111 112 113 114 115 116 117 118 119 120 121 122 123 124 125 126 127 128 129 130 131 132 133 134 136 137 143 144 149 153 154 155 156 157 161 165 166 167 168 169 170 171
124 1 2 3 4 5 8 9 10 11 19 20 22 23 27 30 31 32 33 35 36 37 38 39 40 41 44 45 46 47 52 56 57 58 59 60 64 67 68 69 70 72 73 74 75 76 77 78 79 80 81 82 83 84 85 86 87 88 89 90 91 92 93 94 95 96 97 98 99 100 101 102 103 105 106 107 108 109 110 111 112 113 114 115 116 117 118 119 120 121 122 123 124 125 126 127 128 129 130 131 132 133 134 135 136 137 138 139 140 141 144 145 146 147 152 156 157 158 159 160 164 167 168 169 170
124 1 2 3 4 5 8 9 10 11 16 20 21 23 24 30 31 32 33 35 36 37 38 39 40 41 44 45 46 47 49 53 57 58 59 60 61 67 68 69 70 72 73 74 75 76 77 78 79 80 81 82 83 84 85 86 87 88 89 90 91 92 93 94 95 96 97 98 99 100 101 102 103 104 106 107 108 109 110 111 112 113 114 115 116 117 118 119 120 121 122 123 124 125 126 127 128 129 130 131 132 133 134 135 136 137 138 139 140 141 144 145 146 147 149 153 157 158 159 160 161 167 168 169 170
124 1 2 3 4 5 8 9 10 11 17 20 21 22 25 30 31 32 33 35 36 37 38 39 40 41 44 45 46 47 50 54 57 58 59 60 62 67 68 69 70 72 73 74 75 76 77 78 79 80 81 82 83 84 85 86 87 88 89 90 91 92 93 94 95 96 97 98 99 100 101 102 103 104 105 107 108 109 110 111 112 113 114 115 116 117 118 119 120 121 122 123 124 125 126 127 128 129 130 131 132 133 134 135 136 137 138 139 140 141 144 145 146 147 150 154 157 158 159 160 162 167 168 169 170
124 1 2 3 4 5 6 7 10 12 14 22 25 26 27 28 29 32 34 35 36 37 38 39 40 41 42 43 46 48 51 55 59 61 62 63 64 65 66 69 71 72 73 74 75 76 77 78 79 80 81 82 83 84 85 86 87 88 89 90 91 92 93 94 95 96 97 98 99 100 101 102 103 104 105 106 108 109 110 111 112 113 114 115 116 117 118 119 120 121 122 123 124 125 126 127 128 129 130 131 132 133 134 135 136 137 138 139 140 141 142 143 146 148 151 155 159 161 162 163 164 165 166 169 171
112 1 2 3 4 5 11 12 15 23 24 26 27 33 34 35 36 37 38 39 40 41 47 48 52 56 60 61 62 63 64 70 71 72 73 74 75 76 77 78 79 80 81 82 83 84 85 86 87 88 89 90 91 92 93 94 95 96 97 98 99 100 101 102 103 104 105 106 107 109 110 111 112 113 114 115 116 117 118 119 120 121 122 123 124 125 126 127 128 129 130 131 132 133 134 135 136 137 138 139 140 141 147 148 152 156 160 161 162 163 164 170 171
110 2 3 4 5 8 12 20 24 25 27 30 34 35 36 37 38 39 40 41 44 48 49 53 57 61 62 63 64 67 71 72 73 74 75 76 77 78 79 80 81 82 83 84 85 86 87 88 89 90 91 92 93 94 95 96 97 98 99 100 101 102 103 104 105 106 107 108 110 111 112 113 114 115 116 117 118 119 120 121 122 123 124 125 126 127 128 129 130 131 132 133 134 135 136 137 138 139 140 141 144 148 149 153 157 161 162 163 164 167 171
112 1 2 3 4 5 9 12 13 21 24 25 26 31 34 35 36 37 38 39 40 41 45 48 50 54 58 61 62 63 64 68 71 72 73 74 75 76 77 78 79 80 81 82 83 84 85 86 87 88 89 90 91 92 93 94 95 96 97 98 99 100 101 102 103 104 105 106 107 108 109 111 112 113 114 115 116 117 118 119 120 121 122 123 124 125 126 127 128 129 130 131 132 133 134 135 136 137 138 139 140 141 145 148 150 154 158 161 162 163 164 168 171
124 1 2 3 4 5 6 7 10 12 13 14 15 18 26 28 29 32 34 35 36 37 38 39 40 41 42 43 46 48 49 50 51 52 55 59 63 65 66 69 71 72 73 74 75 76 77 78 79 80 81 82 83 84 85 86 87 88 89 90 91 92 93 94 95 96 97 98 99 100 101 102 103 104 105 106 107 108 109 110 112 113 114 115 116 117 118 119 120 121 122 123 124 125 126 127 128 129 130 131 132 133 134 135 136 137 138 139 140 141 142 143 146 148 149 150 151 152 155 159 163 165 166 169 171
110 1 3 4 5 6 11 14 15 19 27 28 33 35 36 37 38 39 40 41 42 47 49 50 51 52 56 60 64 65 70 72 73 74 75 76 77 78 79 80 81 82 83 84 85 86 87 88 89 90 91 92 93 94 95 96 97 98 99 100 101 102 103 104 105 106 107 108 109 110 111 113 114 115 116 117 118 119 120 121 122 123 124 125 126 127 128 129 130 131 132 133 134 135 136 137 138 139 140 141 142 147 149 150 151 152 156 160 164 165 170
110 1 2 4 5 6 8 13 15 16 24 28 30 35 36 37 38 39 40 41 42 44 49 50 51 52 53 57 61 65 67 72 73 74 75 76 77 78 79 80 81 82 83 84 85 86 87 88 89 90 91 92 93 94 95 96 97 98 99 100 101 102 103 104 105 106 107 108 109 110 111 112 114 115 116 117 118 119 120 121 122 123 124 125 126 127 128 129 130 131 132 133 134 135 136 137 138 139 140 141 142 144 149 150 151 152 153 157 161 165 167
110 1 2 3 5 6 9 13 14 17 25 28 31 35 36 37 38 39 40 41 42 45 49 50 51 52 54 58 62 65 68 72 73 74 75 76 77 78 79 80 81 82 83 84 85 86 87 88 89 90 91 92 93 94 95 96 97 98 99 100 101 102 103 104 105 106 107 108 109 110 111 112 113 115 116 117 118 119 120 121 122 123 124 125 126 127 128 129 130 131 132 133 134 135 136 137 138 139 140 141 142 145 149 150 151 152 154 158 162 165 168
124 1 2 3 4 5 6 7 10 12 14 17 18 19 22 28 29 32 34 35 36 37 38 39 40 41 42 43 46 48 51 53 54 55 56 59 63 65 66 69 71 72 73 74 75 76 77 78 79 80 81 82 83 84 85 86 87 88 89 90 91 92 93 94 95 96 97 98 99 100 101 102 103 104 105 106 107 108 109 110 111 112 113 114 116 117 118 119 120 121 122 123 124 125 126 127 128 129 130 131 132 133 134 135 136 137 138 139 140 141 142 143 146 148 151 153 154 155 156 159 163 165 166 169 171
112 1 2 3 4 5 7 11 15 16 18 19 23 29 33 35 36 37 38 39 40 41 43 47 52 53 54 55 56 60 64 66 70 72 73 74 75 76 77 78 79 80 81 82 83 84 85 86 87 88 89 90 91 92 93 94 95 96 97 98 99 100 101 102 103 104 105 106 107 108 109 110 111 112 113 114 115 117 118 119 120 121 122 123 124 125 126 127 128 129 130 131 132 133 134 135 136 137 138 139 140 141 143 147 152 153 154 155 156 160 164 166 170
110 1 2 3 4 7 8 16 17 19 20 29 30 35 36 37 38 39 40 41 43 44 49 53 54 55 56 57 61 66 67 72 73 74 75 76 77 78 79 80 81 82 83 84 85 86 87 88 89 90 91 92 93 94 95 96 97 98 99 100 101 102 103 104 105 106 107 108 109 110 111 112 113 114 115 116 118 119 120 121 122 123 124 125 126 127 128 129 130 131 132 133 134 135 136 137 138 139 140 141 143 144 149 153 154 155 156 157 161 166 167
112 1 2 3 4 5 7 9 13 16 17 18 21 29 31 35 36 37 38 39 40 41 43 45 50 53 54 55 56 58 62 66 68 72 73 74 75 76 77 78 79 80 81 82 83 84 85 86 87 88 89 90 91 92 93 94 95 96 97 98 99 100 101 102 103 104 105 106 107 108 109 110 111 112 113 114 115 116 117 119 120 121 122 123 124 125 126 127 128 129 130 131 132 133 134 135 136 137 138 139 140 141 143 145 150 153 154 155 156 158 162 166 168
124 2 3 4 7 8 9 10 11 12 16 20 21 22 23 24 30 31 33 37 38 39 40 42 43 44 45 46 47 48 49 53 57 58 59 60 61 67 68 69 70 72 73 74 75 76 77 78 79 80 81 82 83 84 85 86 87 88 89 90 91 92 93 94 95 96 97 98 99 100 101 102 103 104 105 106 107 108 109 110 111 112 113 114 115 116 117 118 119 120 122 123 124 125 126 127 128 129 130 131 132 133 134 137 138 139 140 142 143 144 145 146 147 148 149 153 157 158 159 160 161 167 168 169 170
112 5 6 8 9 10 11 12 16 20 24 25 26 27 30 37 41 42 43 44 45 46 47 48 49 53 57 61 62 63 64 67 71 72 73 74 75 76 77 78 79 80 81 82 83 84 85 86 87 88 89 90 91 92 93 94 95 96 97 98 99 100 101 102 103 104 105 106 107 108 109 110 111 112 113 114 115 116 117 118 119 120 121 122 123 124 126 127 128 129 130 131 132 133 134 137 141 142 143 144 145 146 147 148 149 153 157 161 162 163 164 167 171
124 1 3 5 6 7 9 10 11 12 13 14 15 18 22 26 28 29 34 35 36 39 41 42 43 44 45 46 47 48 49 50 51 52 55 59 63 65 66 69 71 72 73 74 75 76 77 78 79 80 81 82 83 84 85 86 87 88 89 90 91 92 93 94 95 96 97 98 99 100 101 102 103 104 105 106 107 108 109 110 111 112 113 114 115 116 117 118 119 120 121 122 123 124 125 126 128 129 130 131 132 133 134 135 136 139 141 142 143 144 145 146 147 148 149 150 151 152 155 159 163 165 166 169 171
112 4 6 7 8 10 11 12 13 14 15 19 23 27 28 35 40 42 43 44 45 46 47 48 49 50 51 52 56 60 64 65 70 72 73 74 75 76 77 78 79 80 81 82 83 84 85 86 87 88 89 90 91 92 93 94 95 96 97 98 99 100 101 102 103 104 105 106 107 108 109 110 111 112 113 114 115 116 117 118 119 120 121 122 123 124 125 126 127 129 130 131 132 133 134 135 140 142 143 144 145 146 147 148 149 150 151 152 156 160 164 165 170
110 6 7 8 9 11 12 13 14 15 16 20 24 35 37 42 43 44 45 46 47 48 49 50 51 52 53 57 61 65 67 72 73 74 75 76 77 78 79 80 81 82 83 84 85 86 87 88 89 90 91 92 93 94 95 96 97 98 99 100 101 102 103 104 105 106 107 108 109 110 111 112 113 114 115 116 117 118 119 120 121 122 123 124 125 126 127 128 130 131 132 133 134 135 137 142 143 144 145 146 147 148 149 150 151 152 153 157 161 165 167
112 2 6 7 8 9 10 12 13 14 15 17 21 25 28 35 38 42 43 44 45 46 47 48 49 50 51 52 54 58 62 65 68 72 73 74 75 76 77 78 79 80 81 82 83 84 85 86 87 88 89 90 91 92 93 94 95 96 97 98 99 100 101 102 103 104 105 106 107 108 109 110 111 112 113 114 115 116 117 118 119 120 121 122 123 124 125 126 127 128 129 131 132 133 134 135 138 142 143 144 145 146 147 148 149 150 151 152 154 158 162 165 168
112 1 6 7 8 9 10 11 16 17 18 19 20 24 30 36 37 42 43 44 45 46 47 48 49 53 54 55 56 57 61 66 67 72 73 74 75 76 77 78 79 80 81 82 83 84 85 86 87 88 89 90 91 92 93 94 95 96 97 98 99 100 101 102 103 104 105 106 107 108 109 110 111 112 113 114 115 116 117 118 119 120 121 122 123 124 125 126 127 128 129 130 131 132 134 136 137 142 143 144 145 146 147 148 149 153 154 155 156 157 161 166 167
124 2 3 4 8 9 10 11 13 14 15 16 17 18 19 20 21 22 23 24 25 26 27 30 31 32 33 37 38 40 44 45 46 47 49 50 52 53 54 55 56 57 58 59 60 61 62 63 64 67 68 69 70 75 79 80 81 82 83 87 91 95 96 97 98 99 103 104 105 106 107 108 109 110 111 112 113 114 115 116 117 118 119 123 127 128 129 130 131 136 137 138 139 140 141 142 143 144 145 146 147 148 149 150 151 152 153 154 155 156 157 158 159 160 161 162 163 164 165 166 167 168 169 170 171
112 5 8 12 13 14 15 16 17 18 19 20 21 22 23 24 25 26 27 30 34 37 44 48 49 50 51 52 53 54 56 57 58 59 60 61 62 63 64 67 71 75 79 83 84 85 86 87 91 95 99 100 101 102 103 104 105 106 107 108 109 110 111 112 113 114 115 116 117 118 119 123 127 131 132 133 134 135 137 138 139 140 141 142 143 144 145 146 147 148 149 150 151 152 153 154 155 156 157 158 159 160 161 162 163 164 165 166 167 168 169 170 171
124 1 3 5 6 7 10 12 13 14 15 16 17 18 19 20 21 22 23 24 25 26 27 28 29 32 34 35 36 41 42 43 46 48 49 50 51 52 53 54 55 56 58 59 60 61 62 63 64 65 66 69 71 72 73 74 77 81 85 87 88 89 90 93 97 101 103 104 105 106 107 108 109 110 111 112 113 114 115 116 117 118 119 120 121 122 125 129 133 135 136 138 139 140 141 142 143 144 145 146 147 148 149 150 151 152 153 154 155 156 157 158 159 160 161 162 163 164 165 166 167 168 169 170 171
112 4 6 11 13 14 15 16 17 18 19 20 21 22 23 24 25 26 27 28 33 35 42 47 49 50 51 52 53 54 55 56 57 59 60 61 62 63 64 65 70 72 73 74 78 82 86 87 88 89 90 94 98 102 103 104 105 106 107 108 109 110 111 112 113 114 115 116 117 118 119 120 121 122 126 130 134 135 136 137 139 140 141 142 143 144 145 146 147 148 149 150 151 152 153 154 155 156 157 158 159 160 161 162 163 164 165 166 167 168 169 170 171
110 6 8 13 14 15 16 17 18 19 20 21 22 23 24 25 26 27 28 30 42 44 49 50 51 52 53 54 55 56 57 58 60 61 62 63 64 65 67 72 73 74 75 79 83 87 88 89 90 91 95 99 103 104 105 106 107 108 109 110 111 112 113 114 115 116 117 118 119 120 121 122 123 127 131 135 136 137 138 140 141 142 143 144 145 146 147 148 149 150 151 152 153 154 155 156 157 158 159 160 161 162 163 164 165 166 167 168 169 170 171
112 2 6 9 13 14 15 16 17 18 19 20 21 22 23 24 25 26 27 28 31 35 42 45 49 50 51 52 53 54 55 56 57 58 59 61 62 63 64 65 68 72 73 74 76 80 84 87 88 89 90 92 96 100 103 104 105 106 107 108 109 110 111 112 113 114 115 116 117 118 119 120 121 122 124 128 132 135 136 137 138 139 141 142 143 144 145 146 147 148 149 150 151 152 153 154 155 156 157 158 159 160 161 162 163 164 165 166 167 168 169 170 171
112 1 7 8 13 14 15 16 17 18 19 20 21 22 23 24 25 26 27 29 30 37 43 44 49 50 51 52 53 54 55 56 57 58 59 60 61 62 64 66 67 75 76 77 78 79 83 87 91 92 93 94 95 99 103 104 105 106 107 108 109 110 111 112 113 114 115 116 117 118 119 123 124 125 126 127 131 135 136 137 138 139 140 142 143 144 145 146 147 148 149 150 151 152 153 154 155 156 157 158 159 160 161 162 163 164 165 166 167 168 169 170 171
112 2 3 4 8 9 10 11 16 20 21 22 23 24 28 29 30 31 32 33 34 37 38 39 40 44 45 47 49 53 57 58 59 60 61 66 67 68 69 70 71 75 79 80 81 82 83 87 91 95 96 97 98 99 103 107 111 112 113 114 115 119 120 121 122 123 124 125 126 127 128 129 130 131 132 133 134 135 136 137 138 139 140 141 143 144 145 146 147 148 149 150 151 152 153 154 155 156 157 158 159 160 161 162 163 164 165 166 167 168 169 170 171
104 5 8 12 16 20 24 25 26 27 28 29 30 31 32 33 34 37 41 44 49 53 57 61 62 63 64 65 67 68 69 70 71 75 79 83 84 85 86 87 91 95 99 100 101 102 103 107 111 115 116 117 118 119 120 121 122 123 124 125 126 127 128 129 130 131 132 133 134 135 136 137 138 139 140 141 142 144 145 146 147 148 149 150 151 152 153 154 155 156 157 158 159 160 161 162 163 164 165 166 167 168 169 170 171
112 1 3 5 6 7 10 12 13 14 15 18 22 26 28 29 30 31 32 33 34 35 36 39 41 42 43 48 49 50 51 52 55 59 63 65 66 68 69 70 71 72 73 74 77 81 85 87 88 89 90 93 97 101 103 104 105 106 109 113 117 119 120 121 122 123 124 125 126 127 128 129 130 131 132 133 134 135 136 137 138 139 140 141 142 143 145 146 147 148 149 150 151 152 153 154 155 156 157 158 159 160 161 162 163 164 165 166 167 168 169 170 171
104 4 6 11 13 14 15 19 23 27 28 29 30 31 32 33 34 35 40 42 49 50 51 52 56 60 64 65 66 67 69 70 71 72 73 74 78 82 86 87 88 89 90 94 98 102 103 104 105 106 110 114 118 119 120 121 122 123 124 125 126 127 128 129 130 131 132 133 134 135 136 137 138 139 140 141 142 143 144 146 147 148 149 150 151 152 153 154 155 156 157 158 159 160 161 162 163 164 165 166 167 168 169 170 171
102 6 8 13 14 15 16 20 24 28 29 30 31 32 33 34 35 37 49 50 51 52 53 57 61 65 66 67 68 70 71 72 73 74 75 79 83 87 88 89 90 91 95 99 103 104 105 106 107 111 115 119 120 121 122 123 124 125 126 127 128 129 130 131 132 133 134 135 136 137 138 139 140 141 142 143 144 145 147 148 149 150 151 152 153 154 155 156 157 158 159 160 161 162 163 164 165 166 167 168 169 170 171
104 2 6 9 13 14 15 17 21 25 28 29 30 31 32 33 34 35 38 42 49 50 51 52 54 58 62 65 66 67 68 69 71 72 73 74 76 80 84 87 88 89 90 92 96 100 103 104 105 106 108 112 116 119 120 121 122 123 124 125 126 127 128 129 130 131 132 133 134 135 136 137 138 139 140 141 142 143 144 145 146 148 149 150 151 152 153 154 155 156 157 158 159 160 161 162 163 164 165 166 167 168 169 170 171
104 1 7 8 16 17 18 19 20 24 28 29 30 31 32 33 34 36 37 44 49 53 54 55 56 57 61 65 66 67 68 69 70 75 76 77 78 79 83 87 91 92 93 94 95 99 103 107 108 109 110 111 115 119 120 121 122 123 124 125 126 127 128 129 130 131 132 133 134 135 136 137 138 139 140 141 142 143 144 145 146 147 149 150 151 152 153 154 155 156 157 158 159 160 161 162 163 164 165 166 167 168 169 170 171
124 1 2 3 4 5 6 7 8 9 10 11 12 14 18 20 21 22 23 26 28 29 30 31 32 33 34 35 36 37 38 39 40 41 42 43 44 45 46 47 48 55 58 59 60 63 65 66 67 68 69 70 71 72 73 74 75 76 77 78 79 80 81 82 83 84 85 86 89 93 95 96 97 98 101 105 109 111 112 113 114 117 121 125 127 128 129 130 133 135 136 137 138 139 140 141 142 143 144 145 146 147 148 150 151 152 153 154 155 156 157 158 159 160 161 162 163 164 165 166 167 168 169 170 171
112 1 2 3 4 5 8 9 10 11 15 19 20 21 22 23 27 30 31 32 33 35 36 37 38 39 40 41 44 45 46 47 56 57 59 60 64 67 68 69 70 72 73 74 75 76 77 78 79 80 81 82 83 84 85 86 90 94 95 96 97 98 102 106 110 111 112 113 114 118 122 126 127 128 129 130 134 135 136 137 138 139 140 141 142 143 144 145 146 147 148 149 151 152 153 154 155 156 157 158 159 160 161 162 163 164 165 166 167 168 169 170 171
110 1 2 3 4 5 8 9 10 11 16 20 21 22 23 24 30 31 32 33 36 37 38 39 40 41 44 45 46 47 53 57 58 60 61 67 68 69 70 72 73 74 75 76 77 78 79 80 81 82 83 84 85 86 87 91 95 96 97 98 99 103 107 111 112 113 114 115 119 123 127 128 129 130 131 135 136 137 138 139 140 141 142 143 144 145 146 147 148 149 150 152 153 154 155 156 157 158 159 160 161 162 163 164 165 166 167 168 169 170 171
112 1 2 3 4 5 8 9 10 11 13 17 20 21 22 23 25 30 31 32 33 35 36 37 38 39 40 41 44 45 46 47 54 57 58 59 62 67 68 69 70 72 73 74 75 76 77 78 79 80 81 82 83 84 85 86 88 92 95 96 97 98 100 104 108 111 112 113 114 116 120 124 127 128 129 130 132 135 136 137 138 139 140 141 142 143 144 145 146 147 148 149 150 151 153 154 155 156 157 158 159 160 161 162 163 164 165 166 167 168 169 170 171
112 1 2 3 4 5 6 7 10 12 14 18 22 24 25 26 27 28 29 32 34 35 36 37 38 39 40 41 42 43 46 48 51 59 62 63 64 65 66 69 71 72 73 74 75 76 77 78 79 80 81 82 83 84 85 86 89 93 97 99 100 101 102 105 109 113 115 116 117 118 121 125 129 131 132 133 134 135 136 137 138 139 140 141 142 143 144 145 146 147 148 149 150 151 152 154 155 156 157 158 159 160 161 162 163 164 165 166 167 168 169 170 171
104 1 2 3 4 5 11 12 15 19 23 24 25 26 27 33 34 35 36 37 38 39 40 41 47 48 52 60 61 63 64 70 71 72 73 74 75 76 77 78 79 80 81 82 83 84 85 86 90 94 98 99 100 101 102 106 110 114 115 116 117 118 122 126 130 131 132 133 134 135 136 137 138 139 140 141 142 143 144 145 146 147 148 149 150 151 152 153 155 156 157 158 159 160 161 162 163 164 165 166 167 168 169 170 171
102 1 2 3 4 5 8 12 16 20 24 25 26 27 30 34 35 37 38 39 40 41 44 48 49 57 61 62 64 67 71 72 73 74 75 76 77 78 79 80 81 82 83 84 85 86 87 91 95 99 100 101 102 103 107 111 115 116 117 118 119 123 127 131 132 133 134 135 136 137 138 139 140 141 142 143 144 145 146 147 148 149 150 151 152 153 154 156 157 158 159 160 161 162 163 164 165 166 167 168 169 170 171
104 1 2 3 4 5 9 12 13 17 21 24 25 26 27 31 34 35 36 37 38 39 40 41 45 48 50 58 61 62 63 68 71 72 73 74 75 76 77 78 79 80 81 82 83 84 85 86 88 92 96 99 100 101 102 104 108 112 115 116 117 118 120 124 128 131 132 133 134 135 136 137 138 139 140 141 142 143 144 145 146 147 148 149 150 151 152 153 154 155 157 158 159 160 161 162 163 164 165 166 167 168 169 170 171
110 1 2 3 4 5 6 7 10 12 13 14 15 18 22 26 28 29 32 34 35 36 38 39 40 41 42 43 46 48 50 51 52 55 63 65 66 69 71 72 73 74 75 76 77 78 79 80 81 82 83 84 85 86 87 88 89 90 93 97 101 103 104 105 106 109 113 117 119 120 121 122 125 129 133 135 136 137 138 139 140 141 142 143 144 145 146 147 148 149 150 151 152 153 154 155 156 158 159 160 161 162 163 164 165 166 167 168 169 170 171
102 1 2 3 4 5 6 11 13 14 15 19 23 27 28 33 35 36 37 39 40 41 42 47 49 51 52 56 64 65 70 72 73 74 75 76 77 78 79 80 81 82 83 84 85 86 87 88 89 90 94 98 102 103 104 105 106 110 114 118 119 120 121 122 126 130 134 135 136 137 138 139 140 141 142 143 144 145 146 147 148 149 150 151 152 153 154 155 156 157 159 160 161 162 163 164 165 166 167 168 169 170 171
102 1 2 3 4 5 6 8 13 14 15 16 20 24 28 30 35 36 37 38 40 41 42 44 49 50 52 53 61 65 67 72 73 74 75 76 77 78 79 80 81 82 83 84 85 86 87 88 89 90 91 95 99 103 104 105 106 107 111 115 119 120 121 122 123 127 131 135 136 137 138 139 140 141 142 143 144 145 146 147 148 149 150 151 152 153 154 155 156 157 158 160 161 162 163 164 165 166 167 168 169 170 171
102 1 2 3 4 5 6 9 13 14 15 17 21 25 28 31 35 36 37 38 39 41 42 45 49 50 51 54 62 65 68 72 73 74 75 76 77 78 79 80 81 82 83 84 85 86 87 88 89 90 92 96 100 103 104 105 106 108 112 116 119 120 121 122 124 128 132 135 136 137 138 139 140 141 142 143 144 145 146 147 148 149 150 151 152 153 154 155 156 157 158 159 161 162 163 164 165 166 167 168 169 170 171
112 1 2 3 4 5 6 7 10 12 14 16 17 18 19 22 26 28 29 32 34 35 36 37 38 39 40 41 42 43 46 48 51 54 55 56 59 65 66 69 71 72 73 74 75 76 77 78 79 80 81 82 83 84 85 86 89 91 92 93 94 97 101 105 107 108 109 110 113 117 121 123 124 125 126 129 133 135 136 137 138 139 140 141 142 143 144 145 146 147 148 149 150 151 152 153 154 155 156 157 158 159 160 162 163 164 165 166 167 168 169 170 171
104 1 2 3 4 5 7 11 15 16 17 18 19 23 27 29 33 35 36 37 38 39 40 41 43 47 52 53 55 56 60 66 70 72 73 74 75 76 77 78 79 80 81 82 83 84 85 86 90 91 92 93 94 98 102 106 107 108 109 110 114 118 122 123 124 125 126 130 134 135 136 137 138 139 140 141 142 143 144 145 146 147 148 149 150 151 152 153 154 155 156 157 158 159 160 161 163 164 165 166 167 168 169 170 171
102 1 2 3 4 5 7 8 16 17 18 19 20 24 29 30 35 36 37 38 39 40 43 44 49 53 54 56 57 66 67 72 73 74 75 76 77 78 79 80 81 82 83 84 85 86 87 91 92 93 94 95 99 103 107 108 109 110 111 115 119 123 124 125 126 127 131 135 136 137 138 139 140 141 142 143 144 145 146 147 148 149 150 151 152 153 154 155 156 157 158 159 160 161 162 164 165 166 167 168 169 170 171
104 1 2 3 4 5 7 9 13 16 17 18 19 21 25 29 31 35 36 37 38 39 40 41 43 45 50 53 54 55 58 66 68 72 73 74 75 76 77 78 79 80 81 82 83 84 85 86 88 91 92 93 94 96 100 104 107 108 109 110 112 116 120 123 124 125 126 128 132 135 136 137 138 139 140 141 142 143 144 145 146 147 148 149 150 151 152 153 154 155 156 157 158 159 160 161 162 163 165 166 167 168 169 170 171
112 2 3 4 6 7 8 9 10 11 12 16 20 21 22 23 24 30 31 32 33 37 38 39 40 43 44 45 46 47 48 49 53 57 58 59 60 61 67 68 70 75 79 80 81 82 83 87 88 89 90 91 92 93 94 95 96 97 98 99 100 101 102 103 107 111 112 113 114 115 119 123 127 128 129 130 131 135 136 137 138 139 140 141 142 143 144 145 146 147 148 149 150 151 152 153 154 155 156 157 158 159 160 161 162 163 164 166 167 168 169 170 171
104 5 6 7 8 9 10 11 12 16 20 24 25 26 27 30 34 37 41 42 44 45 46 47 48 49 53 57 61 62 63 64 67 75 79 83 84 85 86 87 88 89 90 91 92 93 94 95 96 97 98 99 100 101 102 103 107 111 115 116 117 118 119 123 127 131 132 133 134 135 136 137 138 139 140 141 142 143 144 145 146 147 148 149 150 151 152 153 154 155 156 157 158 159 160 161 162 163 164 165 167 168 169 170 171
112 1 3 5 6 7 8 9 10 11 12 13 14 15 18 22 26 28 29 32 34 35 36 39 41 42 43 45 46 47 48 49 50 51 52 55 59 63 65 66 71 72 73 74 77 81 85 87 88 89 90 91 92 93 94 95 96 97 98 99 100 101 102 103 104 105 106 109 113 117 119 120 121 122 125 129 133 135 136 137 138 139 140 141 142 143 144 145 146 147 148 149 150 151 152 153 154 155 156 157 158 159 160 161 162 163 164 165 166 168 169 170 171
104 4 6 7 8 9 10 11 12 13 14 15 19 23 27 28 33 35 40 42 43 44 46 47 48 49 50 51 52 56 60 64 65 72 73 74 78 82 86 87 88 89 90 91 92 93 94 95 96 97 98 99 100 101 102 103 104 105 106 110 114 118 119 120 121 122 126 130 134 135 136 137 138 139 140 141 142 143 144 145 146 147 148 149 150 151 152 153 154 155 156 157 158 159 160 161 162 163 164 165 166 167 169 170 171
102 6 7 8 9 10 11 12 13 14 15 16 20 24 28 30 35 37 42 43 44 45 47 48 49 50 51 52 53 57 61 72 73 74 75 79 83 87 88 89 90 91 92 93 94 95 96 97 98 99 100 101 102 103 104 105 106 107 111 115 119 120 121 122 123 127 131 135 136 137 138 139 140 141 142 143 144 145 146 147 148 149 150 151 152 153 154 155 156 157 158 159 160 161 162 163 164 165 166 167 168 170 171
104 2 6 7 8 9 10 11 12 13 14 15 17 21 25 28 31 35 38 42 43 44 45 46 48 49 50 51 52 54 58 62 65 72 73 74 76 80 84 87 88 89 90 91 92 93 94 95 96 97 98 99 100 101 102 103 104 105 106 108 112 116 119 120 121 122 124 128 132 135 136 137 138 139 140 141 142 143 144 145 146 147 148 149 150 151 152 153 154 155 156 157 158 159 160 161 162 163 164 165 166 167 168 169 171
104 1 6 7 8 9 10 11 12 16 17 18 19 20 24 29 30 36 37 42 43 44 45 46 47 49 53 54 55 56 57 61 67 75 76 77 78 79 83 87 88 89 90 91 92 93 94 95 96 97 98 99 100 101 102 103 107 108 109 110 111 115 119 123 124 125 126 127 131 135 136 137 138 139 140 141 142 143 144 145 146 147 148 149 150 151 152 153 154 155 156 157 158 159 160 161 162 163 164 165 166 167 168 169 170
124 1 2 3 4 5 6 7 8 9 10 11 12 13 14 15 16 17 18 19 20 21 22 23 24 25 26 27 28 29 30 31 32 33 34 37 38 39 40 44 45 46 47 49 50 51 52 53 54 55 56 57 58 59 60 61 62 63 64 67 68 69 70 78 79 81 82 86 90 94 95 96 97 98 102 103 105 106 107 108 109 110 111 112 113 114 115 116 117 118 122 126 127 128 129 130 134 137 138 139 140 144 145 146 147 149 150 151 152 153 154 155 156 157 158 159 160 161 162 163 164 167 168 169 170
124 1 2 3 4 5 6 7 8 9 10 11 12 13 14 15 16 17 18 19 20 21 22 23 24 25 26 27 28 29 30 31 32 33 34 37 38 39 40 44 45 46 47 49 50 51 52 53 54 55 56 57 58 59 60 61 62 63 64 67 68 69 70 75 79 80 82 83 87 91 95 96 97 98 99 103 104 106 107 108 109 110 111 112 113 114 115 116 117 118 119 123 127 128 129 130 131 137 138 139 140 144 145 146 147 149 150 151 152 153 154 155 156 157 158 159 160 161 162 163 164 167 168 169 170
124 1 2 3 4 5 6 7 8 9 10 11 12 13 14 15 16 17 18 19 20 21 22 23 24 25 26 27 28 29 30 31 32 33 34 37 38 39 40 44 45 46 47 49 50 51 52 53 54 55 56 57 58 59 60 61 62 63 64 67 68 69 70 76 79 80 81 84 88 92 95 96 97 98 100 103 104 105 107 108 109 110 111 112 113 114 115 116 117 118 120 124 127 128 129 130 132 137 138 139 140 144 145 146 147 149 150 151 152 153 154 155 156 157 158 159 160 161 162 163 164 167 168 169 170
124 1 2 3 4 5 6 7 8 9 10 11 12 13 14 15 16 17 18 19 20 21 22 23 24 25 26 27 28 29 30 31 32 33 34 35 36 39 41 42 43 46 48 49 50 51 52 53 54 55 56 57 58 59 60 61 62 63 64 65 66 69 71 73 81 84 85 86 89 93 97 99 100 101 102 103 104 105 106 108 109 110 111 112 113 114 115 116 117 118 121 125 129 131 132 133 134 135 136 139 141 142 143 146 148 149 150 151 152 153 154 155 156 157 158 159 160 161 162 163 164 165 166 169 171
112 1 2 3 4 5 6 7 8 9 10 11 12 13 14 15 16 17 18 19 20 21 22 23 24 25 26 27 28 29 30 31 32 33 34 40 41 47 48 49 50 51 52 53 54 55 56 57 58 59 60 61 62 63 64 70 71 74 82 83 85 86 90 94 98 99 100 101 102 103 104 105 106 107 109 110 111 112 113 114 115 116 117 118 122 126 130 131 132 133 134 140 141 147 148 149 150 151 152 153 154 155 156 157 158 159 160 161 162 163 164 170 171
110 2 3 4 5 6 7 8 9 10 11 12 13 14 15 16 17 18 19 20 21 22 23 24 25 26 27 28 29 30 31 32 33 34 37 41 44 48 49 50 51 52 53 54 55 56 57 58 59 60 61 62 63 64 67 71 79 83 84 86 87 91 95 99 100 101 102 103 104 105 106 107 108 110 111 112 113 114 115 116 117 118 119 123 127 131 132 133 134 137 141 144 148 149 150 151 152 153 154 155 156 157 158 159 160 161 162 163 164 167 171
112 1 2 3 4 5 6 7 8 9 10 11 12 13 14 15 16 17 18 19 20 21 22 23 24 25 26 27 28 29 30 31 32 33 34 38 41 45 48 49 50 51 52 53 54 55 56 57 58 59 60 61 62 63 64 68 71 72 80 83 84 85 88 92 96 99 100 101 102 103 104 105 106 107 108 109 111 112 113 114 115 116 117 118 120 124 128 131 132 133 134 138 141 145 148 149 150 151 152 153 154 155 156 157 158 159 160 161 162 163 164 168 171
124 1 2 3 4 5 6 7 8 9 10 11 12 13 14 15 16 17 18 19 20 21 22 23 24 25 26 27 28 29 30 31 32 33 34 35 36 39 41 42 43 46 48 49 50 51 52 53 54 55 56 57 58 59 60 61 62 63 64 65 66 69 71 72 73 74 77 85 87 88 89 90 93 97 101 103 104 105 106 107 108 109 110 112 113 114 115 116 117 118 119 120 121 122 125 129 133 135 136 139 141 142 143 146 148 149 150 151 152 153 154 155 156 157 158 159 160 161 162 163 164 165 166 169 171
110 1 3 4 5 6 7 8 9 10 11 12 13 14 15 16 17 18 19 20 21 22 23 24 25 26 27 28 29 30 31 32 33 34 35 40 42 47 49 50 51 52 53 54 55 56 57 58 59 60 61 62 63 64 65 70 73 74 78 86 87 88 89 90 94 98 102 103 104 105 106 107 108 109 110 111 113 114 115 116 117 118 119 120 121 122 126 130 134 135 140 142 147 149 150 151 152 153 154 155 156 157 158 159 160 161 162 163 164 165 170
110 1 2 4 5 6 7 8 9 10 11 12 13 14 15 16 17 18 19 20 21 22 23 24 25 26 27 28 29 30 31 32 33 34 35 37 42 44 49 50 51 52 53 54 55 56 57 58 59 60 61 62 63 64 65 67 72 74 75 83 87 88 89 90 91 95 99 103 104 105 106 107 108 109 110 111 112 114 115 116 117 118 119 120 121 122 123 127 131 135 137 142 144 149 150 151 152 153 154 155 156 157 158 159 160 161 162 163 164 165 167
110 1 2 3 5 6 7 8 9 10 11 12 13 14 15 16 17 18 19 20 21 22 23 24 25 26 27 28 29 30 31 32 33 34 35 38 42 45 49 50 51 52 53 54 55 56 57 58 59 60 61 62 63 64 65 68 72 73 76 84 87 88 89 90 92 96 100 103 104 105 106 107 108 109 110 111 112 113 115 116 117 118 119 120 121 122 124 128 132 135 138 142 145 149 150 151 152 153 154 155 156 157 158 159 160 161 162 163 164 165 168
124 1 2 3 4 5 6 7 8 9 10 11 12 13 14 15 16 17 18 19 20 21 22 23 24 25 26 27 28 29 30 31 32 33 34 35 36 39 41 42 43 46 48 49 50 51 52 53 54 55 56 57 58 59 60 61 62 63 64 65 66 69 71 73 76 77 78 81 89 91 92 93 94 97 101 103 104 105 106 107 108 109 110 111 112 113 114 116 117 118 121 123 124 125 126 129 133 135 136 139 141 142 143 146 148 149 150 151 152 153 154 155 156 157 158 159 160 161 162 163 164 165 166 169 171
112 1 2 3 4 5 6 7 8 9 10 11 12 13 14 15 16 17 18 19 20 21 22 23 24 25 26 27 28 29 30 31 32 33 34 36 40 43 47 49 50 51 52 53 54 55 56 57 58 59 60 61 62 63 64 66 70 74 75 77 78 82 90 91 92 93 94 98 102 103 104 105 106 107 108 109 110 111 112 113 114 115 117 118 122 123 124 125 126 130 134 136 140 143 147 149 150 151 152 153 154 155 156 157 158 159 160 161 162 163 164 166 170
110 1 2 3 4 6 7 8 9 10 11 12 13 14 15 16 17 18 19 20 21 22 23 24 25 26 27 28 29 30 31 32 33 34 36 37 43 44 49 50 51 52 53 54 55 56 57 58 59 60 61 62 63 64 66 67 75 76 78 79 87 91 92 93 94 95 99 103 104 105 106 107 108 109 110 111 112 113 114 115 116 118 119 123 124 125 126 127 131 136 137 143 144 149 150 151 152 153 154 155 156 157 158 159 160 161 162 163 164 166 167
112 1 2 3 4 5 6 7 8 9 10 11 12 13 14 15 16 17 18 19 20 21 22 23 24 25 26 27 28 29 30 31 32 33 34 36 38 43 45 49 50 51 52 53 54 55 56 57 58 59 60 61 62 63 64 66 68 72 75 76 77 80 88 91 92 93 94 96 100 103 104 105 106 107 108 109 110 111 112 113 114 115 116 117 120 123 124 125 126 128 132 136 138 143 145 149 150 151 152 153 154 155 156 157 158 159 160 161 162 163 164 166 168
124 1 2 3 4 5 6 7 8 9 10 11 12 13 14 15 16 17 18 19 20 21 22 23 24 25 26 27 28 29 30 31 32 33 34 35 36 37 38 39 40 41 42 43 44 45 46 47 48 51 55 57 58 59 60 63 65 66 67 68 69 70 71 73 77 79 80 81 82 85 93 96 97 98 101 105 109 111 112 113 114 117 120 121 122 123 124 125 126 127 128 129 130 131 132 133 134 135 136 137 138 139 140 141 142 143 144 145 146 147 148 151 155 157 158 159 160 163 165 166 167 168 169 170 171
112 1 2 3 4 5 6 7 8 9 10 11 12 13 14 15 16 17 18 19 20 21 22 23 24 25 26 27 28 29 30 31 32 33 34 37 38 39 40 44 45 46 47 52 56 57 58 59 60 64 65 66 67 68 69 70 71 74 78 79 80 81 82 86 94 95 97 98 102 106 110 111 112 113 114 118 119 121 122 123 124 125 126 127 128 129 130 131 132 133 134 137 138 139 140 144 145 146 147 152 156 157 158 159 160 164 165 166 167 168 169 170 171
110 1 2 3 4 5 7 8 9 10 11 12 13 14 15 16 17 18 19 20 21 22 23 24 25 26 27 28 29 30 31 32 33 34 37 38 39 40 44 45 46 47 49 53 57 58 59 60 61 65 66 67 68 69 70 71 75 79 80 81 82 83 91 95 96 98 99 103 107 111 112 113 114 115 119 120 122 123 124 125 126 127 128 129 130 131 132 133 134 137 138 139 140 144 145 146 147 149 153 157 158 159 160 161 165 166 167 168 169 170 171
112 1 2 3 4 5 6 7 8 9 10 11 12 13 14 15 16 17 18 19 20 21 22 23 24 25 26 27 28 29 30 31 32 33 34 37 38 39 40 44 45 46 47 50 54 57 58 59 60 62 65 66 67 68 69 70 71 72 76 79 80 81 82 84 92 95 96 97 100 104 108 111 112 113 114 116 119 120 121 123 124 125 126 127 128 129 130 131 132 133 134 137 138 139 140 144 145 146 147 150 154 157 158 159 160 162 165 166 167 168 169 170 171
112 1 2 3 4 5 6 7 8 9 10 11 12 13 14 15 16 17 18 19 20 21 22 23 24 25 26 27 28 29 30 31 32 33 34 35 36 39 41 42 43 46 48 51 55 59 61 62 63 64 65 66 67 68 69 70 71 73 77 81 83 84 85 86 89 97 100 101 102 105 109 113 115 116 117 118 119 120 121 122 124 125 126 127 128 129 130 131 132 133 134 135 136 139 141 142 143 146 148 151 155 159 161 162 163 164 165 166 167 168 169 170 171
104 1 2 3 4 5 6 7 8 9 10 11 12 13 14 15 16 17 18 19 20 21 22 23 24 25 26 27 28 29 30 31 32 33 34 40 41 47 48 52 56 60 61 62 63 64 65 66 67 68 69 70 71 74 78 82 83 84 85 86 90 98 99 101 102 106 110 114 115 116 117 118 119 120 121 122 123 125 126 127 128 129 130 131 132 133 134 140 141 147 148 152 156 160 161 162 163 164 165 166 167 168 169 170 171
102 1 2 3 4 5 6 8 9 10 11 12 13 14 15 16 17 18 19 20 21 22 23 24 25 26 27 28 29 30 31 32 33 34 37 41 44 48 49 53 57 61 62 63 64 65 66 67 68 69 70 71 75 79 83 84 85 86 87 95 99 100 102 103 107 111 115 116 117 118 119 120 121 122 123 124 126 127 128 129 130 131 132 133 134 137 141 144 148 149 153 157 161 162 163 164 165 166 167 168 169 170 171
104 1 2 3 4 5 6 7 8 9 10 11 12 13 14 15 16 17 18 19 20 21 22 23 24 25 26 27 28 29 30 31 32 33 34 38 41 45 48 50 54 58 61 62 63 64 65 66 67 68 69 70 71 72 76 80 83 84 85 86 88 96 99 100 101 104 108 112 115 116 117 118 119 120 121 122 123 124 125 127 128 129 130 131 132 133 134 138 141 145 148 150 154 158 161 162 163 164 165 166 167 168 169 170 171
110 1 2 3 4 5 6 7 9 10 11 12 13 14 15 16 17 18 19 20 21 22 23 24 25 26 27 28 29 30 31 32 33 34 35 36 39 41 42 43 46 48 49 50 51 52 55 59 63 65 66 67 68 69 70 71 72 73 74 77 81 85 88 89 90 93 101 103 104 105 106 109 113 117 119 120 121 122 123 124 125 126 128 129 130 131 132 133 134 135 136 139 141 142 143 146 148 149 150 151 152 155 159 163 165 166 167 168 169 170 171
102 1 2 3 4 5 6 7 8 10 11 12 13 14 15 16 17 18 19 20 21 22 23 24 25 26 27 28 29 30 31 32 33 34 35 40 42 47 49 50 51 52 56 60 64 65 66 67 68 69 70 71 72 73 74 78 82 86 87 89 90 94 102 103 104 105 106 110 114 118 119 120 121 122 123 124 125 126 127 129 130 131 132 133 134 135 140 142 147 149 150 151 152 156 160 164 165 166 167 168 169 170 171
102 1 2 3 4 5 6 7 8 9 11 12 13 14 15 16 17 18 19 20 21 22 23 24 25 26 27 28 29 30 31 32 33 34 35 37 42 44 49 50 51 52 53 57 61 65 66 67 68 69 70 71 72 73 74 75 79 83 87 88 90 91 99 103 104 105 106 107 111 115 119 120 121 122 123 124 125 126 127 128 130 131 132 133 134 135 137 142 144 149 150 151 152 153 157 161 165 166 167 168 169 170 171
102 1 2 3 4 5 6 7 8 9 10 12 13 14 15 16 17 18 19 20 21 22 23 24 25 26 27 28 29 30 31 32 33 34 35 38 42 45 49 50 51 52 54 58 62 65 66 67 68 69 70 71 72 73 74 76 80 84 87 88 89 92 100 103 104 105 106 108 112 116 119 120 121 122 123 124 125 126 127 128 129 131 132 133 134 135 138 142 145 149 150 151 152 154 158 162 165 166 167 168 169 170 171
112 1 2 3 4 5 6 7 8 9 10 11 12 13 14 15 16 17 18 19 20 21 22 23 24 25 26 27 28 29 30 31 32 33 34 35 36 39 41 42 43 46 48 51 53 54 55 56 59 63 65 66 67 68 69 70 71 73 75 76 77 78 81 85 89 92 93 94 97 105 107 108 109 110 113 117 119 120 121 122 123 124 125 126 127 128 129 130 132 133 134 135 136 139 141 142 143 146 148 151 153 154 155 156 159 163 165 166 167 168 169 170 171
104 1 2 3 4 5 6 7 8 9 10 11 12 13 14 15 16 17 18 19 20 21 22 23 24 25 26 27 28 29 30 31 32 33 34 36 40 43 47 52 53 54 55 56 60 64 65 66 67 68 69 70 71 74 75 76 77 78 82 86 90 91 93 94 98 106 107 108 109 110 114 118 119 120 121 122 123 124 125 126 127 128 129 130 131 133 134 136 140 143 147 152 153 154 155 156 160 164 165 166 167 168 169 170 171
102 1 2 3 4 5 6 7 8 9 10 11 13 14 15 16 17 18 19 20 21 22 23 24 25 26 27 28 29 30 31 32 33 34 36 37 43 44 49 53 54 55 56 57 61 65 66 67 68 69 70 71 75 76 77 78 79 83 87 91 92 94 95 103 107 108 109 110 111 115 119 120 121 122 123 124 125 126 127 128 129 130 131 132 134 136 137 143 144 149 153 154 155 156 157 161 165 166 167 168 169 170 171
104 1 2 3 4 5 6 7 8 9 10 11 12 13 14 15 16 17 18 19 20 21 22 23 24 25 26 27 28 29 30 31 32 33 34 36 38 43 45 50 53 54 55 56 58 62 65 66 67 68 69 70 71 72 75 76 77 78 80 84 88 91 92 93 96 104 107 108 109 110 112 116 119 120 121 122 123 124 125 126 127 128 129 130 131 132 133 136 138 143 145 150 153 154 155 156 158 162 165 166 167 168 169 170 171
124 1 2 3 4 5 6 7 8 9 10 11 12 13 14 15 16 17 18 19 20 21 22 23 24 25 26 27 28 29 30 31 32 33 34 35 36 37 38 39 40 41 42 43 44 45 46 47 48 51 55 57 58 59 60 63 65 66 67 68 69 70 71 72 73 74 75 76 77 78 79 80 81 82 83 84 85 86 89 93 95 96 97 98 101 109 112 113 114 117 121 125 127 128 129 130 133 135 136 137 138 139 140 141 142 143 144 145 146 147 148 151 155 157 158 159 160 163 165 166 167 168 169 170 171
110 1 2 3 4 5 6 7 8 9 10 11 12 14 15 16 17 18 19 20 21 22 23 24 25 26 27 28 29 30 31 32 33 34 35 36 37 38 39 40 41 44 45 46 47 52 56 57 58 59 60 64 67 68 69 70 73 74 75 76 77 78 79 80 81 82 83 84 85 86 90 94 95 96 97 98 102 110 111 113 114 118 122 126 127 128 129 130 134 135 136 137 138 139 140 141 144 145 146 147 152 156 157 158 159 160 164 167 168 169 170
110 1 2 3 4 5 6 7 8 9 10 11 12 13 15 16 17 18 19 20 21 22 23 24 25 26 27 28 29 30 31 32 33 34 35 36 37 38 39 40 41 44 45 46 47 49 53 57 58 59 60 61 67 68 69 70 72 74 75 76 77 78 79 80 81 82 83 84 85 86 87 91 95 96 97 98 99 107 111 112 114 115 119 123 127 128 129 130 131 135 136 137 138 139 140 141 144 145 146 147 149 153 157 158 159 160 161 167 168 169 170
110 1 2 3 4 5 6 7 8 9 10 11 12 13 14 16 17 18 19 20 21 22 23 24 25 26 27 28 29 30 31 32 33 34 35 36 37 38 39 40 41 44 45 46 47 50 54 57 58 59 60 62 67 68 69 70 72 73 75 76 77 78 79 80 81 82 83 84 85 86 88 92 95 96 97 98 100 108 111 112 113 116 120 124 127 128 129 130 132 135 136 137 138 139 140 141 144 145 146 147 150 154 157 158 159 160 162 167 168 169 170
110 1 2 3 4 5 6 7 8 9 10 11 12 13 14 15 17 18 19 20 21 22 23 24 25 26 27 28 29 30 31 32 33 34 35 36 37 38 39 40 41 42 43 46 48 51 55 59 61 62 63 64 65 66 69 71 72 73 74 76 77 78 79 80 81 82 83 84 85 86 89 93 97 99 100 101 102 105 113 116 117 118 121 125 129 131 132 133 134 135 136 137 138 139 140 141 142 143 146 148 151 155 159 161 162 163 164 165 166 169 171
102 1 2 3 4 5 6 7 8 9 10 11 12 13 14 15 16 18 19 20 21 22 23 24 25 26 27 28 29 30 31 32 33 34 35 36 37 38 39 40 41 47 48 52 56 60 61 62 63 64 70 71 72 73 74 75 77 78 79 80 81 82 83 84 85 86 90 94 98 99 100 101 102 106 114 115 117 118 122 126 130 131 132 133 134 135 136 137 138 139 140 141 147 148 152 156 160 161 162 163 164 170 171
102 1 2 3 4 5 6 7 8 9 10 11 12 13 14 15 16 17 19 20 21 22 23 24 25 26 27 28 29 30 31 32 33 34 35 36 37 38 39 40 41 44 48 49 53 57 61 62 63 64 67 71 72 73 74 75 76 78 79 80 81 82 83 84 85 86 87 91 95 99 100 101 102 103 111 115 116 118 119 123 127 131 132 133 134 135 136 137 138 139 140 141 144 148 149 153 157 161 162 163 164 167 171
102 1 2 3 4 5 6 7 8 9 10 11 12 13 14 15 16 17 18 20 21 22 23 24 25 26 27 28 29 30 31 32 33 34 35 36 37 38 39 40 41 45 48 50 54 58 61 62 63 64 68 71 72 73 74 75 76 77 79 80 81 82 83 84 85 86 88 92 96 99 100 101 102 104 112 115 116 117 120 124 128 131 132 133 134 135 136 137 138 139 140 141 145 148 150 154 158 161 162 163 164 168 171
110 1 2 3 4 5 6 7 8 9 10 11 12 13 14 15 16 17 18 19 21 22 23 24 25 26 27 28 29 30 31 32 33 34 35 36 37 38 39 40 41 42 43 46 48 49 50 51 52 55 59 63 65 66 69 71 72 73 74 75 76 77 78 80 81 82 83 84 85 86 87 88 89 90 93 97 101 104 105 106 109 117 119 120 121 122 125 129 133 135 136 137 138 139 140 141 142 143 146 148 149 150 151 152 155 159 163 165 166 169 171
102 1 2 3 4 5 6 7 8 9 10 11 12 13 14 15 16 17 18 19 20 22 23 24 25 26 27 28 29 30 31 32 33 34 35 36 37 38 39 40 41 42 47 49 50 51 52 56 60 64 65 70 72 73 74 75 76 77 78 79 81 82 83 84 85 86 87 88 89 90 94 98 102 103 105 106 110 118 119 120 121 122 126 130 134 135 136 137 138 139 140 141 142 147 149 150 151 152 156 160 164 165 170
102 1 2 3 4 5 6 7 8 9 10 11 12 13 14 15 16 17 18 19 20 21 23 24 25 26 27 28 29 30 31 32 33 34 35 36 37 38 39 40 41 42 44 49 50 51 52 53 57 61 65 67 72 73 74 75 76 77 78 79 80 82 83 84 85 86 87 88 89 90 91 95 99 103 104 106 107 115 119 120 121 122 123 127 131 135 136 137 138 139 140 141 142 144 149 150 151 152 153 157 161 165 167
102 1 2 3 4 5 6 7 8 9 10 11 12 13 14 15 16 17 18 19 20 21 22 24 25 26 27 28 29 30 31 32 33 34 35 36 37 38 39 40 41 42 45 49 50 51 52 54 58 62 65 68 72 73 74 75 76 77 78 79 80 81 83 84 85 86 87 88 89 90 92 96 100 103 104 105 108 116 119 120 121 122 124 128 132 135 136 137 138 139 140 141 142 145 149 150 151 152 154 158 162 165 168
110 1 2 3 4 5 6 7 8 9 10 11 12 13 14 15 16 17 18 19 20 21 22 23 25 26 27 28 29 30 31 32 33 34 35 36 37 38 39 40 41 42 43 46 48 51 53 54 55 56 59 63 65 66 69 71 72 73 74 75 76 77 78 79 80 81 82 84 85 86 89 91 92 93 94 97 101 105 108 109 110 113 121 123 124 125 126 129 133 135 136 137 138 139 140 141 142 143 146 148 151 153 154 155 156 159 163 165 166 169 171
102 1 2 3 4 5 6 7 8 9 10 11 12 13 14 15 16 17 18 19 20 21 22 23 24 26 27 28 29 30 31 32 33 34 35 36 37 38 39 40 41 43 47 52 53 54 55 56 60 64 66 70 72 73 74 75 76 77 78 79 80 81 82 83 85 86 90 91 92 93 94 98 102 106 107 109 110 114 122 123 124 125 126 130 134 135 136 137 138 139 140 141 143 147 152 153 154 155 156 160 164 166 170
102 1 2 3 4 5 6 7 8 9 10 11 12 13 14 15 16 17 18 19 20 21 22 23 24 25 27 28 29 30 31 32 33 34 35 36 37 38 39 40 41 43 44 49 53 54 55 56 57 61 66 67 72 73 74 75 76 77 78 79 80 81 82 83 84 86 87 91 92 93 94 95 99 103 107 108 110 111 119 123 124 125 126 127 131 135 136 137 138 139 140 141 143 144 149 153 154 155 156 157 161 166 167
102 1 2 3 4 5 6 7 8 9 10 11 12 13 14 15 16 17 18 19 20 21 22 23 24 25 26 28 29 30 31 32 33 34 35 36 37 38 39 40 41 43 45 50 53 54 55 56 58 62 66 68 72 73 74 75 76 77 78 79 80 81 82 83 84 85 88 91 92 93 94 96 100 104 107 108 109 112 120 123 124 125 126 128 132 135 136 137 138 139 140 141 143 145 150 153 154 155 156 158 162 166 168
124 1 2 3 4 5 6 7 8 9 10 11 12 13 14 15 16 17 18 19 20 21 22 23 24 25 26 27 28 29 30 31 32 33 34 35 36 37 38 39 40 41 42 43 44 45 46 47 48 51 55 57 58 59 60 63 65 66 67 68 69 70 71 73 77 79 80 81 82 85 88 89 90 91 92 93 94 95 96 97 98 99 100 101 102 105 109 111 112 113 114 117 125 128 129 130 133 135 136 137 138 139 140 141 142 143 144 145 146 147 148 151 155 157 158 159 160 163 165 166 167 168 169 170 171
112 1 2 3 4 5 6 7 8 9 10 11 12 13 14 15 16 17 18 19 20 21 22 23 24 25 26 27 28 29 30 31 32 33 34 37 38 39 40 42 43 44 45 46 47 48 52 56 57 58 59 60 64 67 68 69 70 74 78 79 80 81 82 86 87 89 90 91 92 93 94 95 96 97 98 99 100 101 102 106 110 111 112 113 114 118 126 127 129 130 134 137 138 139 140 142 143 144 145 146 147 148 152 156 157 158 159 160 164 167 168 169 170
110 1 2 3 4 5 6 7 8 9 10 11 12 13 14 15 16 17 18 19 20 21 22 23 24 25 26 27 29 30 31 32 33 34 37 38 39 40 42 43 44 45 46 47 48 49 53 57 58 59 60 61 67 68 69 70 75 79 80 81 82 83 87 88 90 91 92 93 94 95 96 97 98 99 100 101 102 103 107 111 112 113 114 115 123 127 128 130 131 137 138 139 140 142 143 144 145 146 147 148 149 153 157 158 159 160 161 167 168 169 170
112 1 2 3 4 5 6 7 8 9 10 11 12 13 14 15 16 17 18 19 20 21 22 23 24 25 26 27 28 29 30 31 32 33 34 37 38 39 40 42 43 44 45 46 47 48 50 54 57 58 59 60 62 67 68 69 70 72 76 79 80 81 82 84 87 88 89 91 92 93 94 95 96 97 98 99 100 101 102 104 108 111 112 113 114 116 124 127 128 129 132 137 138 139 140 142 143 144 145 146 147 148 150 154 157 158 159 160 162 167 168 169 170
112 1 2 3 4 5 6 7 8 9 10 11 12 13 14 15 16 17 18 19 20 21 22 23 24 25 26 27 28 29 30 31 32 33 34 35 36 39 41 42 43 44 45 46 47 48 51 55 59 61 62 63 64 65 66 69 71 73 77 81 83 84 85 86 87 88 89 90 92 93 94 95 96 97 98 99 100 101 102 105 109 113 115 116 117 118 121 129 132 133 134 135 136 139 141 142 143 144 145 146 147 148 151 155 159 161 162 163 164 165 166 169 171
104 1 2 3 4 5 6 7 8 9 10 11 12 13 14 15 16 17 18 19 20 21 22 23 24 25 26 27 28 29 30 31 32 33 34 40 41 42 43 44 45 46 47 48 52 56 60 61 62 63 64 70 71 74 78 82 83 84 85 86 87 88 89 90 91 93 94 95 96 97 98 99 100 101 102 106 110 114 115 116 117 118 122 130 131 133 134 140 141 142 143 144 145 146 147 148 152 156 160 161 162 163 164 170 171
102 1 2 3 4 5 6 7 8 9 10 11 12 13 14 15 16 17 18 19 20 21 22 23 24 25 26 27 28 30 31 32 33 34 37 41 42 43 44 45 46 47 48 49 53 57 61 62 63 64 67 71 75 79 83 84 85 86 87 88 89 90 91 92 94 95 96 97 98 99 100 101 102 103 107 111 115 116 117 118 119 127 131 132 134 137 141 142 143 144 145 146 147 148 149 153 157 161 162 163 164 167 171
104 1 2 3 4 5 6 7 8 9 10 11 12 13 14 15 16 17 18 19 20 21 22 23 24 25 26 27 28 29 30 31 32 33 34 38 41 42 43 44 45 46 47 48 50 54 58 61 62 63 64 68 71 72 76 80 83 84 85 86 87 88 89 90 91 92 93 95 96 97 98 99 100 101 102 104 108 112 115 116 117 118 120 128 131 132 133 138 141 142 143 144 145 146 147 148 150 154 158 161 162 163 164 168 171
110 1 2 3 4 5 6 7 8 9 10 11 12 13 14 15 16 17 18 19 20 21 22 23 24 25 26 27 28 29 31 32 33 34 35 36 39 41 42 43 44 45 46 47 48 49 50 51 52 55 59 63 65 66 69 71 72 73 74 77 81 85 87 88 89 90 91 92 93 94 96 97 98 99 100 101 102 103 104 105 106 109 113 117 120 121 122 125 133 135 136 139 141 142 143 144 145 146 147 148 149 150 151 152 155 159 163 165 166 169 171
102 1 2 3 4 5 6 7 8 9 10 11 12 13 14 15 16 17 18 19 20 21 22 23 24 25 26 27 28 29 30 32 33 34 35 40 42 43 44 45 46 47 48 49 50 51 52 56 60 64 65 70 72 73 74 78 82 86 87 88 89 90 91 92 93 94 95 97 98 99 100 101 102 103 104 105 106 110 114 118 119 121 122 126 134 135 140 142 143 144 145 146 147 148 149 150 151 152 156 160 164 165 170
102 1 2 3 4 5 6 7 8 9 10 11 12 13 14 15 16 17 18 19 20 21 22 23 24 25 26 27 28 29 30 31 33 34 35 37 42 43 44 45 46 47 48 49 50 51 52 53 57 61 65 67 72 73 74 75 79 83 87 88 89 90 91 92 93 94 95 96 98 99 100 101 102 103 104 105 106 107 111 115 119 120 122 123 131 135 137 142 143 144 145 146 147 148 149 150 151 152 153 157 161 165 167
102 1 2 3 4 5 6 7 8 9 10 11 12 13 14 15 16 17 18 19 20 21 22 23 24 25 26 27 28 29 30 31 32 34 35 38 42 43 44 45 46 47 48 49 50 51 52 54 58 62 65 68 72 73 74 76 80 84 87 88 89 90 91 92 93 94 95 96 97 99 100 101 102 103 104 105 106 108 112 116 119 120 121 124 132 135 138 142 143 144 145 146 147 148 149 150 151 152 154 158 162 165 168
112 1 2 3 4 5 6 7 8 9 10 11 12 13 14 15 16 17 18 19 20 21 22 23 24 25 26 27 28 29 30 31 32 33 34 35 36 39 41 42 43 44 45 46 47 48 51 53 54 55 56 59 63 65 66 69 71 73 75 76 77 78 81 85 87 88 89 90 91 92 93 94 95 96 97 98 100 101 102 105 107 108 109 110 113 117 121 124 125 126 129 135 136 139 141 142 143 144 145 146 147 148 151 153 154 155 156 159 163 165 166 169 171
104 1 2 3 4 5 6 7 8 9 10 11 12 13 14 15 16 17 18 19 20 21 22 23 24 25 26 27 28 29 30 31 32 33 34 36 40 42 43 44 45 46 47 48 52 53 54 55 56 60 64 66 70 74 75 76 77 78 82 86 87 88 89 90 91 92 93 94 95 96 97 98 99 101 102 106 107 108 109 110 114 118 122 123 125 126 130 136 140 142 143 144 145 146 147 148 152 153 154 155 156 160 164 166 170
102 1 2 3 4 5 6 7 8 9 10 11 12 13 14 15 16 17 18 19 20 21 22 23 24 25 26 27 28 29 30 31 32 33 36 37 42 43 44 45 46 47 48 49 53 54 55 56 57 61 66 67 75 76 77 78 79 83 87 88 89 90 91 92 93 94 95 96 97 98 99 100 102 103 107 108 109 110 111 115 119 123 124 126 127 136 137 142 143 144 145 146 147 148 149 153 154 155 156 157 161 166 167
104 1 2 3 4 5 6 7 8 9 10 11 12 13 14 15 16 17 18 19 20 21 22 23 24 25 26 27 28 29 30 31 32 33 34 36 38 42 43 44 45 46 47 48 50 53 54 55 56 58 62 66 68 72 75 76 77 78 80 84 87 88 89 90 91 92 93 94 95 96 97 98 99 100 101 104 107 108 109 110 112 116 120 123 124 125 128 136 138 142 143 144 145 146 147 148 150 153 154 155 156 158 162 166 168
124 2 3 4 8 9 10 11 13 14 15 16 17 18 19 20 21 22 23 24 25 26 27 30 31 32 33 36 37 38 39 40 41 42 43 44 45 46 47 48 49 50 51 52 53 54 55 56 57 58 59 60 61 62 63 64 65 66 67 68 69 70 71 75 79 80 81 82 83 87 91 95 96 97 98 99 103 104 105 106 107 108 109 110 111 112 113 114 115 116 117 118 119 123 127 128 129 130 131 137 138 140 144 145 146 147 149 150 152 153 154 155 156 157 158 159 160 161 162 163 164 167 168 169 170
112 5 8 12 13 14 15 16 17 18 19 20 21 22 23 24 25 26 27 30 34 35 37 38 39 40 41 42 43 44 45 46 47 48 49 50 51 52 53 54 55 56 57 58 59 60 61 62 63 64 65 66 67 68 69 70 71 75 79 83 84 85 86 87 91 95 99 100 101 102 103 104 105 106 107 108 109 110 111 112 113 114 115 116 117 118 119 123 127 131 132 133 134 137 144 148 149 150 151 152 153 154 156 157 158 159 160 161 162 163 164 167 171
124 1 3 5 6 7 10 12 13 14 15 16 17 18 19 20 21 22 23 24 25 26 27 28 29 32 34 35 36 38 39 40 41 42 43 44 45 46 47 48 49 50 51 52 53 54 55 56 57 58 59 60 61 62 63 64 65 66 67 68 69 70 71 72 73 74 77 81 85 87 88 89 90 93 97 101 103 104 105 106 107 108 109 110 111 112 113 114 115 116 117 118 119 120 121 122 125 129 133 135 136 141 142 143 146 148 149 150 151 152 153 154 155 156 158 159 160 161 162 163 164 165 166 169 171
112 4 6 11 13 14 15 16 17 18 19 20 21 22 23 24 25 26 27 28 33 35 36 37 39 40 41 42 43 44 45 46 47 48 49 50 51 52 53 54 55 56 57 58 59 60 61 62 63 64 65 66 67 68 69 70 71 72 73 74 78 82 86 87 88 89 90 94 98 102 103 104 105 106 107 108 109 110 111 112 113 114 115 116 117 118 119 120 121 122 126 130 134 135 142 147 149 150 151 152 153 154 155 156 157 159 160 161 162 163 164 165 170
110 6 8 13 14 15 16 17 18 19 20 21 22 23 24 25 26 27 28 30 35 36 37 38 40 41 42 43 44 45 46 47 48 49 50 51 52 53 54 55 56 57 58 59 60 61 62 63 64 65 66 67 68 69 70 71 72 73 74 75 79 83 87 88 89 90 91 95 99 103 104 105 106 107 108 109 110 111 112 113 114 115 116 117 118 119 120 121 122 123 127 131 142 144 149 150 151 152 153 154 155 156 157 158 160 161 162 163 164 165 167
112 2 6 9 13 14 15 16 17 18 19 20 21 22 23 24 25 26 27 28 31 35 36 37 38 39 41 42 43 44 45 46 47 48 49 50 51 52 53 54 55 56 57 58 59 60 61 62 63 64 65 66 67 68 69 70 71 72 73 74 76 80 84 87 88 89 90 92 96 100 103 104 105 106 107 108 109 110 111 112 113 114 115 116 117 118 119 120 121 122 124 128 132 135 142 145 149 150 151 152 153 154 155 156 157 158 159 161 162 163 164 165 168
112 1 7 8 13 14 15 16 17 18 19 20 21 22 23 24 25 26 27 29 30 35 36 37 38 39 40 42 43 44 45 46 47 48 49 50 51 52 53 54 55 56 57 58 59 60 61 62 63 64 65 66 67 68 69 70 71 75 76 77 78 79 83 87 91 92 93 94 95 99 103 104 105 106 107 108 109 110 111 112 113 114 115 116 117 118 119 123 124 125 126 127 131 137 143 144 149 150 151 152 153 154 155 156 157 158 159 160 161 162 164 166 167
112 2 3 4 8 9 10 11 16 20 21 22 23 24 28 29 30 31 32 33 34 35 36 37 38 39 40 41 43 44 45 46 47 48 49 50 51 52 53 54 55 56 57 58 59 60 61 62 63 64 65 66 67 68 69 70 71 75 79 80 81 82 83 87 91 95 96 97 98 99 103 107 111 112 113 114 115 119 120 121 122 123 124 125 126 127 128 129 130 131 132 133 134 137 138 139 140 144 145 147 149 153 157 158 159 160 161 166 167 168 169 170 171
104 5 8 12 16 20 24 25 26 27 28 29 30 31 32 33 34 35 36 37 38 39 40 41 42 44 45 46 47 48 49 50 51 52 53 54 55 56 57 58 59 60 61 62 63 64 65 66 67 68 69 70 71 75 79 83 84 85 86 87 91 95 99 100 101 102 103 107 111 115 116 117 118 119 120 121 122 123 124 125 126 127 128 129 130 131 132 133 134 137 141 144 149 153 157 161 162 163 164 165 167 168 169 170 171
112 1 3 5 6 7 10 12 13 14 15 18 22 26 28 29 30 31 32 33 34 35 36 37 38 39 40 41 42 43 45 46 47 48 49 50 51 52 53 54 55 56 57 58 59 60 61 62 63 64 65 66 67 68 69 70 71 72 73 74 77 81 85 87 88 89 90 93 97 101 103 104 105 106 109 113 117 119 120 121 122 123 124 125 126 127 128 129 130 131 132 133 134 135 136 139 141 142 143 148 149 150 151 152 155 159 163 165 166 168 169 170 171
104 4 6 11 13 14 15 19 23 27 28 29 30 31 32 33 34 35 36 37 38 39 40 41 42 43 44 46 47 48 49 50 51 52 53 54 55 56 57 58 59 60 61 62 63 64 65 66 67 68 69 70 71 72 73 74 78 82 86 87 88 89 90 94 98 102 103 104 105 106 110 114 118 119 120 121 122 123 124 125 126 127 128 129 130 131 132 133 134 135 140 142 149 150 151 152 156 160 164 165 166 167 169 170 171
102 6 8 13 14 15 16 20 24 28 29 30 31 32 33 34 35 36 37 38 39 40 41 42 43 44 45 47 48 49 50 51 52 53 54 55 56 57 58 59 60 61 62 63 64 65 66 67 68 69 70 71 72 73 74 75 79 83 87 88 89 90 91 95 99 103 104 105 106 107 111 115 119 120 121 122 123 124 125 126 127 128 129 130 131 132 133 134 135 137 149 150 151 152 153 157 161 165 166 167 168 170 171
104 2 6 9 13 14 15 17 21 25 28 29 30 31 32 33 34 35 36 37 38 39 40 41 42 43 44 45 46 48 49 50 51 52 53 54 55 56 57 58 59 60 61 62 63 64 65 66 67 68 69 70 71 72 73 74 76 80 84 87 88 89 90 92 96 100 103 104 105 106 108 112 116 119 120 121 122 123 124 125 126 127 128 129 130 131 132 133 134 135 138 142 149 150 151 152 154 158 162 165 166 167 168 169 171
104 1 7 8 16 17 18 19 20 24 28 29 30 31 32 33 34 35 36 37 38 39 40 41 42 43 44 45 46 47 49 50 51 52 53 54 55 56 57 58 59 60 61 62 63 64 65 66 67 68 69 70 71 75 76 77 78 79 83 87 91 92 93 94 95 99 103 107 108 109 110 111 115 119 120 121 122 123 124 125 126 127 128 129 130 131 132 133 134 136 137 144 149 153 154 155 156 157 161 165 166 167 168 169 170
124 1 2 3 4 5 6 7 8 9 10 11 12 14 18 20 21 22 23 26 28 29 30 31 32 33 34 35 36 37 38 39 40 41 42 43 44 45 46 47 48 50 51 52 53 54 55 56 57 58 59 60 61 62 63 64 65 66 67 68 69 70 71 72 73 74 75 76 77 78 79 80 81 82 83 84 85 86 89 93 95 96 97 98 101 105 109 111 112 113 114 117 121 125 127 128 129 130 133 135 136 137 138 139 140 141 142 143 144 145 146 147 148 155 158 159 160 163 165 166 167 168 169 170 171
112 1 2 3 4 5 8 9 10 11 15 19 20 21 22 23 27 30 31 32 33 35 36 37 38 39 40 41 42 43 44 45 46 47 48 49 51 52 53 54 55 56 57 58 59 60 61 62 63 64 65 66 67 68 69 70 71 72 73 74 75 76 77 78 79 80 81 82 83 84 85 86 90 94 95 96 97 98 102 106 110 111 112 113 114 118 122 126 127 128 129 130 134 135 136 137 138 139 140 141 144 145 146 147 156 157 159 160 164 167 168 169 170
110 1 2 3 4 5 8 9 10 11 16 20 21 22 23 24 30 31 32 33 35 36 37 38 39 40 41 42 43 44 45 46 47 48 49 50 52 53 54 55 56 57 58 59 60 61 62 63 64 65 66 67 68 69 70 71 72 73 74 75 76 77 78 79 80 81 82 83 84 85 86 87 91 95 96 97 98 99 103 107 111 112 113 114 115 119 123 127 128 129 130 131 136 137 138 139 140 141 144 145 146 147 153 157 158 160 161 167 168 169 170
112 1 2 3 4 5 8 9 10 11 13 17 20 21 22 23 25 30 31 32 33 35 36 37 38 39 40 41 42 43 44 45 46 47 48 49 50 51 53 54 55 56 57 58 59 60 61 62 63 64 65 66 67 68 69 70 71 72 73 74 75 76 77 78 79 80 81 82 83 84 85 86 88 92 95 96 97 98 100 104 108 111 112 113 114 116 120 124 127 128 129 130 132 135 136 137 138 139 140 141 144 145 146 147 154 157 158 159 162 167 168 169 170
112 1 2 3 4 5 6 7 10 12 14 18 22 24 25 26 27 28 29 32 34 35 36 37 38 39 40 41 42 43 44 45 46 47 48 49 50 51 52 54 55 56 57 58 59 60 61 62 63 64 65 66 67 68 69 70 71 72 73 74 75 76 77 78 79 80 81 82 83 84 85 86 89 93 97 99 100 101 102 105 109 113 115 116 117 118 121 125 129 131 132 133 134 135 136 137 138 139 140 141 142 143 146 148 151 159 162 163 164 165 166 169 171
104 1 2 3 4 5 11 12 15 19 23 24 25 26 27 33 34 35 36 37 38 39 40 41 42 43 44 45 46 47 48 49 50 51 52 53 55 56 57 58 59 60 61 62 63 64 65 66 67 68 69 70 71 72 73 74 75 76 77 78 79 80 81 82 83 84 85 86 90 94 98 99 100 101 102 106 110 114 115 116 117 118 122 126 130 131 132 133 134 135 136 137 138 139 140 141 147 148 152 160 161 163 164 170 171
102 1 2 3 4 5 8 12 16 20 24 25 26 27 30 34 35 36 37 38 39 40 41 42 43 44 45 46 47 48 49 50 51 52 53 54 56 57 58 59 60 61 62 63 64 65 66 67 68 69 70 71 72 73 74 75 76 77 78 79 80 81 82 83 84 85 86 87 91 95 99 100 101 102 103 107 111 115 116 117 118 119 123 127 131 132 133 134 135 137 138 139 140 141 144 148 149 157 161 162 164 167 171
104 1 2 3 4 5 9 12 13 17 21 24 25 26 27 31 34 35 36 37 38 39 40 41 42 43 44 45 46 47 48 49 50 51 52 53 54 55 57 58 59 60 61 62 63 64 65 66 67 68 69 70 71 72 73 74 75 76 77 78 79 80 81 82 83 84 85 86 88 92 96 99 100 101 102 104 108 112 115 116 117 118 120 124 128 131 132 133 134 135 136 137 138 139 140 141 145 148 150 158 161 162 163 168 171
110 1 2 3 4 5 6 7 10 12 13 14 15 18 22 26 28 29 32 34 35 36 37 38 39 40 41 42 43 44 45 46 47 48 49 50 51 52 53 54 55 56 58 59 60 61 62 63 64 65 66 67 68 69 70 71 72 73 74 75 76 77 78 79 80 81 82 83 84 85 86 87 88 89 90 93 97 101 103 104 105 106 109 113 117 119 120 121 122 125 129 133 135 136 138 139 140 141 142 143 146 148 150 151 152 155 163 165 166 169 171
102 1 2 3 4 5 6 11 13 14 15 19 23 27 28 33 35 36 37 38 39 40 41 42 43 44 45 46 47 48 49 50 51 52 53 54 55 56 57 59 60 61 62 63 64 65 66 67 68 69 70 71 72 73 74 75 76 77 78 79 80 81 82 83 84 85 86 87 88 89 90 94 98 102 103 104 105 106 110 114 118 119 120 121 122 126 130 134 135 136 137 139 140 141 142 147 149 151 152 156 164 165 170
102 1 2 3 4 5 6 8 13 14 15 16 20 24 28 30 35 36 37 38 39 40 41 42 43 44 45 46 47 48 49 50 51 52 53 54 55 56 57 58 60 61 62 63 64 65 66 67 68 69 70 71 72 73 74 75 76 77 78 79 80 81 82 83 84 85 86 87 88 89 90 91 95 99 103 104 105 106 107 111 115 119 120 121 122 123 127 131 135 136 137 138 140 141 142 144 149 150 152 153 161 165 167
102 1 2 3 4 5 6 9 13 14 15 17 21 25 28 31 35 36 37 38 39 40 41 42 43 44 45 46 47 48 49 50 51 52 53 54 55 56 57 58 59 61 62 63 64 65 66 67 68 69 70 71 72 73 74 75 76 77 78 79 80 81 82 83 84 85 86 87 88 89 90 92 96 100 103 104 105 106 108 112 116 119 120 121 122 124 128 132 135 136 137 138 139 141 142 145 149 150 151 154 162 165 168
112 1 2 3 4 5 6 7 10 12 14 16 17 18 19 22 26 28 29 32 34 35 36 37 38 39 40 41 42 43 44 45 46 47 48 49 50 51 52 53 54 55 56 57 58 59 60 62 63 64 65 66 67 68 69 70 71 72 73 74 75 76 77 78 79 80 81 82 83 84 85 86 89 91 92 93 94 97 101 105 107 108 109 110 113 117 121 123 124 125 126 129 133 135 136 137 138 139 140 141 142 143 146 148 151 154 155 156 159 165 166 169 171
104 1 2 3 4 5 7 11 15 16 17 18 19 23 27 29 33 35 36 37 38 39 40 41 42 43 44 45 46 47 48 49 50 51 52 53 54 55 56 57 58 59 60 61 63 64 65 66 67 68 69 70 71 72 73 74 75 76 77 78 79 80 81 82 83 84 85 86 90 91 92 93 94 98 102 106 107 108 109 110 114 118 122 123 124 125 126 130 134 135 136 137 138 139 140 141 143 147 152 153 155 156 160 166 170
102 1 2 3 4 5 7 8 16 17 18 19 20 24 29 30 35 36 37 38 39 40 41 42 43 44 45 46 47 48 49 50 51 52 53 54 55 56 57 58 59 60 61 62 64 65 66 67 68 69 70 71 72 73 74 75 76 77 78 79 80 81 82 83 84 85 86 87 91 92 93 94 95 99 103 107 108 109 110 111 115 119 123 124 125 126 127 131 135 136 137 138 139 140 143 144 149 153 154 156 157 166 167
104 1 2 3 4 5 7 9 13 16 17 18 19 21 25 29 31 35 36 37 38 39 40 41 42 43 44 45 46 47 48 49 50 51 52 53 54 55 56 57 58 59 60 61 62 63 65 66 67 68 69 70 71 72 73 74 75 76 77 78 79 80 81 82 83 84 85 86 88 91 92 93 94 96 100 104 107 108 109 110 112 116 120 123 124 125 126 128 132 135 136 137 138 139 140 141 143 145 150 153 154 155 158 166 168
112 2 3 4 6 7 8 9 10 11 12 16 20 21 22 23 24 30 31 32 33 35 36 37 38 39 40 41 42 43 44 45 46 47 48 49 50 51 52 53 54 55 56 57 58 59 60 61 62 63 64 66 67 68 69 70 71 75 79 80 81 82 83 87 88 89 90 91 92 93 94 95 96 97 98 99 100 101 102 103 107 111 112 113 114 115 119 123 127 128 129 130 131 137 138 139 140 143 144 145 146 147 148 149 153 157 158 159 160 161 167 168 170
104 5 6 7 8 9 10 11 12 16 20 24 25 26 27 30 34 35 36 37 38 39 40 41 42 43 44 45 46 47 48 49 50 51 52 53 54 55 56 57 58 59 60 61 62 63 64 65 67 68 69 70 71 75 79 83 84 85 86 87 88 89 90 91 92 93 94 95 96 97 98 99 100 101 102 103 107 111 115 116 117 118 119 123 127 131 132 133 134 137 141 142 144 145 146 147 148 149 153 157 161 162 163 164 167
112 1 3 5 6 7 8 9 10 11 12 13 14 15 18 22 26 28 29 32 34 35 36 37 38 39 40 41 42 43 44 45 46 47 48 49 50 51 52 53 54 55 56 57 58 59 60 61 62 63 64 65 66 68 69 70 71 72 73 74 77 81 85 87 88 89 90 91 92 93 94 95 96 97 98 99 100 101 102 103 104 105 106 109 113 117 119 120 121 122 125 129 133 135 136 139 141 142 143 145 146 147 148 149 150 151 152 155 159 163 165 166 171
104 4 6 7 8 9 10 11 12 13 14 15 19 23 27 28 33 35 36 37 38 39 40 41 42 43 44 45 46 47 48 49 50 51 52 53 54 55 56 57 58 59 60 61 62 63 64 65 66 67 69 70 71 72 73 74 78 82 86 87 88 89 90 91 92 93 94 95 96 97 98 99 100 101 102 103 104 105 106 110 114 118 119 120 121 122 126 130 134 135 140 142 143 144 146 147 148 149 150 151 152 156 160 164 165
102 6 7 8 9 10 11 12 13 14 15 16 20 24 28 30 35 36 37 38 39 40 41 42 43 44 45 46 47 48 49 50 51 52 53 54 55 56 57 58 59 60 61 62 63 64 65 66 67 68 70 71 72 73 74 75 79 83 87 88 89 90 91 92 93 94 95 96 97 98 99 100 101 102 103 104 105 106 107 111 115 119 120 121 122 123 127 131 135 137 142 143 144 145 147 148 149 150 151 152 153 157 161
104 2 6 7 8 9 10 11 12 13 14 15 17 21 25 28 31 35 36 37 38 39 40 41 42 43 44 45 46 47 48 49 50 51 52 53 54 55 56 57 58 59 60 61 62 63 64 65 66 67 68 69 71 72 73 74 76 80 84 87 88 89 90 91 92 93 94 95 96 97 98 99 100 101 102 103 104 105 106 108 112 116 119 120 121 122 124 128 132 135 138 142 143 144 145 146 148 149 150 151 152 154 158 162 165
104 1 6 7 8 9 10 11 12 16 17 18 19 20 24 29 30 35 36 37 38 39 40 41 42 43 44 45 46 47 48 49 50 51 52 53 54 55 56 57 58 59 60 61 62 63 64 65 66 67 68 69 70 75 76 77 78 79 83 87 88 89 90 91 92 93 94 95 96 97 98 99 100 101 102 103 107 108 109 110 111 115 119 123 124 125 126 127 131 136 137 142 143 144 145 146 147 149 153 154 155 156 157 161 167
-1